#Entity         POWER             SMACT        TENSO        DRAMA        PCITX                       PCIRX                       
ID               W                                                                                                               
GPU 0           150.338           0.176        0.008        0.085        13836605                    75588825                    
GPU 1           153.717           0.175        0.008        0.084        14352112                    78679281                    
GPU 2           142.387           0.176        0.009        0.084        14557026                    80158503                    
GPU 3           144.862           0.167        0.008        0.081        14297102                    78038417                    
GPU 4           72.024            0.000        0.000        0.000        4602080                     3925362                     
GPU 5           73.972            0.000        0.000        0.000        3419715                     2886551                     
GPU 6           73.639            0.000        0.000        0.000        2174506                     1778808                     
GPU 7           73.392            0.000        0.000        0.000        1573251                     1249901                     
GPU 0           101.366           0.038        0.002        0.019        4564212                     17668962                    
GPU 1           102.828           0.039        0.002        0.019        4796986                     19312575                    
GPU 2           102.605           0.029        0.001        0.014        4134742                     14560700                    
GPU 3           101.796           0.032        0.002        0.016        4342141                     16189271                    
GPU 4           72.079            0.000        0.000        0.000        3050187                     2554458                     
GPU 5           73.977            0.000        0.000        0.000        3244248                     2708967                     
GPU 6           73.627            0.000        0.000        0.000        4032750                     3425336                     
GPU 7           73.369            0.000        0.000        0.000        4330465                     3693863                     
GPU 0           101.366           0.038        0.002        0.019        4564212                     17668962                    
GPU 1           102.636           0.039        0.002        0.019        4818582                     19312575                    
GPU 2           102.605           0.029        0.001        0.014        4134742                     14560700                    
GPU 3           101.796           0.032        0.002        0.016        4342141                     1518282                     
GPU 4           72.079            0.000        0.000        0.000        3050187                     2554458                     
GPU 5           73.977            0.000        0.000        0.000        3244248                     2708967                     
GPU 6           73.627            0.000        0.000        0.000        4032750                     3425336                     
GPU 7           73.369            0.000        0.000        0.000        4330465                     3693863                     
GPU 0           101.078           0.000        0.000        0.000        4361445                     3636091                     
GPU 1           102.456           0.000        0.000        0.000        5001054                     4043167                     
GPU 2           102.352           0.000        0.000        0.000        4263838                     3556547                     
GPU 3           101.538           0.000        0.000        0.000        1927991                     5706053                     
GPU 4           72.078            0.000        0.000        0.000        4485604                     3820334                     
GPU 5           74.004            0.000        0.000        0.000        4041133                     3421033                     
GPU 6           73.654            0.000        0.000        0.000        7151955                     3132903                     
GPU 7           73.290            0.000        0.000        0.000        3661826                     3086263                     
GPU 0           100.926           0.000        0.000        0.000        6149701                     5210012                     
GPU 1           102.460           0.000        0.000        0.000        6807762                     4212862                     
GPU 2           102.244           0.000        0.000        0.000        6062853                     5143164                     
GPU 3           101.297           0.000        0.000        0.000        7229033                     6140983                     
GPU 4           72.088            0.000        0.000        0.000        5982346                     5197712                     
GPU 5           74.008            0.000        0.000        0.000        6588101                     5725233                     
GPU 6           73.653            0.000        0.000        0.000        7621790                     6236635                     
GPU 7           73.355            0.000        0.000        0.000        6772270                     5888456                     
GPU 0           100.873           0.000        0.000        0.000        6958518                     5895967                     
GPU 1           102.360           0.000        0.000        0.000        5091516                     5806158                     
GPU 2           102.156           0.000        0.000        0.000        6772487                     5731409                     
GPU 3           101.297           0.000        0.000        0.000        6780212                     5736186                     
GPU 4           72.092            0.000        0.000        0.000        7611149                     6588357                     
GPU 5           73.985            0.000        0.000        0.000        7724525                     6682972                     
GPU 6           73.685            0.000        0.000        0.000        5419432                     6644833                     
GPU 7           73.323            0.000        0.000        0.000        7648991                     6655398                     
GPU 0           100.765           0.000        0.000        0.000        567819                      351174                      
GPU 1           102.283           0.000        0.000        0.000        547219                      4253523                     
GPU 2           102.068           0.000        0.000        0.000        554017                      334926                      
GPU 3           101.069           0.000        0.000        0.000        555587                      335972                      
GPU 4           72.067            0.000        0.000        0.000        2254344                     1852849                     
GPU 5           73.939            0.000        0.000        0.000        1678523                     1328460                     
GPU 6           73.659            0.000        0.000        0.000        709444                      4666660                     
GPU 7           73.299            0.000        0.000        0.000        3530532                     2972681                     
GPU 0           100.700           0.000        0.000        0.000        3851978                     3182115                     
GPU 1           102.243           0.000        0.000        0.000        5604340                     4721513                     
GPU 2           102.084           0.000        0.000        0.000        5529793                     4655670                     
GPU 3           101.012           0.000        0.000        0.000        5193272                     4371056                     
GPU 4           72.066            0.000        0.000        0.000        4584700                     3918813                     
GPU 5           73.946            0.000        0.000        0.000        4082499                     3475673                     
GPU 6           73.641            0.000        0.000        0.000        6155424                     5321145                     
GPU 7           73.364            0.000        0.000        0.000        2705056                     2231588                     
GPU 0           100.470           0.000        0.000        0.000        4200232                     3517314                     
GPU 1           102.109           0.000        0.000        0.000        3566837                     2954100                     
GPU 2           102.005           0.000        0.000        0.000        3998613                     3327730                     
GPU 3           100.892           0.000        0.000        0.000        3837874                     3193773                     
GPU 4           72.093            0.000        0.000        0.000        5554225                     4764432                     
GPU 5           73.964            0.000        0.000        0.000        4881510                     4169328                     
GPU 6           73.636            0.000        0.000        0.000        5062872                     4336011                     
GPU 7           73.330            0.000        0.000        0.000        6265210                     5439399                     
GPU 0           100.422           0.000        0.000        0.000        4178558                     3491391                     
GPU 1           101.966           0.000        0.000        0.000        461263                      253694                      
GPU 2           101.726           0.000        0.000        0.000        581819                      363637                      
GPU 3           100.696           0.000        0.000        0.000        511557                      292468                      
GPU 4           72.044            0.000        0.000        0.000        931314                      677653                      
GPU 5           73.964            0.000        0.000        0.000        4262922                     3618913                     
GPU 6           73.650            0.000        0.000        0.000        1322304                     1026711                     
GPU 7           73.292            0.000        0.000        0.000        4342380                     3693591                     
GPU 0           100.412           0.000        0.000        0.000        3532236                     2903743                     
GPU 1           101.958           0.000        0.000        0.000        4123357                     3448273                     
GPU 2           101.690           0.000        0.000        0.000        3821171                     3168239                     
GPU 3           100.591           0.000        0.000        0.000        4079942                     3400650                     
GPU 4           72.067            0.000        0.000        0.000        4434874                     3783504                     
GPU 5           74.025            0.000        0.000        0.000        2703128                     2221958                     
GPU 6           73.640            0.000        0.000        0.000        4372343                     3723541                     
GPU 7           73.259            0.000        0.000        0.000        448803                      237742                      
GPU 0           115.309           0.007        0.000        0.000        1006319                     3309557                     
GPU 1           117.370           0.010        0.002        0.005        3638407                     6871916                     
GPU 2           118.191           0.040        0.002        0.005        5025655                     69772120                    
GPU 3           115.647           0.067        0.002        0.004        7966216                     48009364                    
GPU 4           72.030            0.000        0.000        0.000        1198505                     898045                      
GPU 5           74.034            0.000        0.000        0.000        1673271                     1330547                     
GPU 6           73.642            0.000        0.000        0.000        1918275                     1546631                     
GPU 7           73.333            0.000        0.000        0.000        4484354                     1803527                     
GPU 0           132.134           0.089        0.003        0.006        6893848                     60414806                    
GPU 1           136.210           0.048        0.014        0.020        1015267                     4517598                     
GPU 2           132.599           0.163        0.014        0.019        16539606                    171053395                   
GPU 3           131.411           0.110        0.014        0.019        6744466                     101441633                   
GPU 4           72.000            0.000        0.000        0.000        3711563                     3150723                     
GPU 5           74.025            0.000        0.000        0.000        4425369                     3767197                     
GPU 6           73.658            0.000        0.000        0.000        2652400                     2209569                     
GPU 7           73.254            0.000        0.000        0.000        2216537                     1740972                     
GPU 0           100.269           0.105        0.014        0.019        4173261                     104464888                   
GPU 1           102.461           0.000        0.000        0.000        4128816                     3451076                     
GPU 2           101.598           0.001        0.000        0.000        3280828                     3443297                     
GPU 3           100.520           0.000        0.000        0.000        4088891                     3409593                     
GPU 4           72.051            0.000        0.000        0.000        2517330                     2079260                     
GPU 5           73.940            0.000        0.000        0.000        706490                      457813                      
GPU 6           73.627            0.000        0.000        0.000        4063414                     3437185                     
GPU 7           73.248            0.000        0.000        0.000        2127738                     3682594                     
GPU 0           100.269           0.105        0.000        0.019        4173261                     104464888                   
GPU 1           102.461           0.000        0.000        0.000        4128816                     3451076                     
GPU 2           101.598           0.000        0.000        0.000        532306                      3443297                     
GPU 3           100.553           0.000        0.000        0.000        4088891                     3409593                     
GPU 4           72.051            0.000        0.000        0.000        2147155                     1754095                     
GPU 5           73.940            0.000        0.000        0.000        706490                      3629044                     
GPU 6           73.627            0.000        0.000        0.000        4063414                     278631                      
GPU 7           73.248            0.000        0.000        0.000        4328240                     3682594                     
#Entity         POWER             SMACT        TENSO        DRAMA        PCITX                       PCIRX                       
ID               W                                                                                                               
GPU 0           99.960            0.000        0.000        0.000        3033181                     2469121                     
GPU 1           102.602           0.000        0.000        0.000        2808367                     312743                      
GPU 2           101.552           0.000        0.000        0.000        4044810                     318568                      
GPU 3           100.576           0.000        0.000        0.000        1478349                     1118479                     
GPU 4           72.041            0.000        0.000        0.000        4440434                     3781155                     
GPU 5           74.011            0.000        0.000        0.000        2418040                     1973205                     
GPU 6           73.671            0.000        0.000        0.000        476905                      4664200                     
GPU 7           73.292            0.000        0.000        0.000        2158726                     1749964                     
GPU 0           99.945            0.000        0.000        0.000        509455                      291940                      
GPU 1           102.441           0.000        0.000        0.000        522403                      3396541                     
GPU 2           101.569           0.000        0.000        0.000        265741                      3366569                     
GPU 3           100.523           0.000        0.000        0.000        3145709                     2603187                     
GPU 4           72.048            0.000        0.000        0.000        1120225                     828049                      
GPU 5           73.981            0.000        0.000        0.000        2230129                     1826033                     
GPU 6           73.636            0.000        0.000        0.000        5420716                     1237244                     
GPU 7           73.327            0.000        0.000        0.000        1592642                     1268244                     
GPU 0           103.530           0.000        0.000        0.000        4219936                     4091535                     
GPU 1           102.378           0.000        0.000        0.000        4075850                     1001103                     
GPU 2           101.433           0.020        0.000        0.000        4163453                     71807                       
GPU 3           105.064           0.000        0.000        0.000        3499739                     2877458                     
GPU 4           72.032            0.000        0.000        0.000        4125090                     3513892                     
GPU 5           73.975            0.000        0.000        0.000        4434746                     3783471                     
GPU 6           73.643            0.000        0.000        0.000        1582257                     2507337                     
GPU 7           73.264            0.000        0.000        0.000        4351079                     3719614                     
GPU 0           108.807           0.080        0.000        0.023        7930790                     34866564                    
GPU 1           106.522           0.000        0.000        0.000        748564                      4663173                     
GPU 2           106.901           0.145        0.000        0.001        18461493                    83424620                    
GPU 3           109.504           0.089        0.000        0.000        7089840                     34020959                    
GPU 4           72.044            0.000        0.000        0.000        3222137                     2681858                     
GPU 5           74.003            0.000        0.000        0.000        1783108                     1409194                     
GPU 6           73.660            0.000        0.000        0.000        2991352                     3456238                     
GPU 7           73.354            0.000        0.000        0.000        2171545                     1757900                     
GPU 0           411.479           0.161        0.016        0.167        14149691                    160086765                   
GPU 1           247.621           0.002        0.001        0.001        4127377                     171435761                   
GPU 2           221.249           0.294        0.064        0.078        69462413                    1206508351                  
GPU 3           400.926           0.114        0.168        0.001        15721871                    69947601                    
GPU 4           72.017            0.000        0.000        0.000        1134603                     866281                      
GPU 5           73.945            0.000        0.000        0.000        2228511                     1823899                     
GPU 6           73.735            0.000        0.000        0.000        4087742                     277283                      
GPU 7           73.766            0.000        0.000        0.000        1604207                     1281898                     
GPU 0           289.137           0.517        0.192        0.226        15549076                    131895952                   
GPU 1           381.691           0.474        0.174        0.158        16585979                    72688342                    
GPU 2           366.383           0.496        0.153        0.173        15146619                    122045528                   
GPU 3           262.861           0.489        0.041        0.149        17268325                    189383390                   
GPU 4           71.924            0.000        0.000        0.000        4433676                     3774390                     
GPU 5           74.126            0.000        0.000        0.000        4375182                     3718040                     
GPU 6           73.773            0.000        0.000        0.000        475956                      4156951                     
GPU 7           73.568            0.000        0.000        0.000        4348849                     3705798                     
GPU 0           301.972           0.469        0.045        0.235        10769568                    73527065                    
GPU 1           309.703           0.460        0.043        0.214        10608657                    74996645                    
GPU 2           283.969           0.479        0.045        0.229        10945536                    72299426                    
GPU 3           275.136           0.470        0.043        0.184        12129820                    74316227                    
GPU 4           72.218            0.000        0.000        0.000        1774773                     1410535                     
GPU 5           74.126            0.000        0.000        0.000        2751274                     2252376                     
GPU 6           73.861            0.000        0.000        0.000        1903135                     1523798                     
GPU 7           73.494            0.000        0.000        0.000        1769502                     1401526                     
GPU 0           296.760           0.477        0.047        0.229        14401791                    74131336                    
GPU 1           306.037           0.480        0.046        0.231        14325131                    70798072                    
GPU 2           285.470           0.484        0.046        0.234        14434321                    74783063                    
GPU 3           277.909           0.471        0.043        0.225        13863005                    71359584                    
GPU 4           72.156            0.000        0.000        0.000        2749358                     2292114                     
GPU 5           74.013            0.000        0.000        0.000        669196                      435475                      
GPU 6           73.793            0.000        0.000        0.000        2168074                     1773450                     
GPU 7           73.475            0.000        0.000        0.000        2148197                     1757235                     
GPU 0           294.720           0.471        0.046        0.144        12421178                    72605197                    
GPU 1           297.560           0.478        0.046        0.230        10618086                    66943856                    
GPU 2           264.135           0.435        0.045        0.202        12842747                    70662266                    
GPU 3           276.919           0.371        0.057        0.227        10641916                    67860263                    
GPU 4           72.105            0.000        0.000        0.000        2726274                     2253552                     
GPU 5           74.026            0.000        0.000        0.000        4408988                     3761316                     
GPU 6           73.680            0.000        0.000        0.000        4119678                     3492372                     
GPU 7           73.601            0.000        0.000        0.000        4237237                     3625779                     
GPU 0           294.720           0.413        0.046        0.144        12421178                    72723176                    
GPU 1           297.560           0.478        0.073        0.161        10618086                    66943856                    
GPU 2           299.603           0.435        0.045        0.202        12842747                    70524874                    
GPU 3           276.919           0.371        0.057        0.162        12045124                    67860263                    
GPU 4           72.163            0.000        0.000        0.000        2726274                     2253552                     
GPU 5           74.074            0.000        0.000        0.000        724117                      3761316                     
GPU 6           73.737            0.000        0.000        0.000        4119678                     3492372                     
GPU 7           73.601            0.000        0.000        0.000        4237237                     1433183                     
GPU 0           298.895           0.473        0.043        0.232        10501542                    74825407                    
GPU 1           308.044           0.490        0.048        0.206        10650274                    71984995                    
GPU 2           280.545           0.491        0.042        0.232        10722129                    72139217                    
GPU 3           274.767           0.479        0.039        0.199        12324885                    71476007                    
GPU 4           72.056            0.000        0.000        0.000        4559520                     3920286                     
GPU 5           74.091            0.000        0.000        0.000        4396556                     3758412                     
GPU 6           73.655            0.000        0.000        0.000        3560494                     3016102                     
GPU 7           73.453            0.000        0.000        0.000        2190964                     1807899                     
GPU 0           279.910           0.485        0.040        0.219        13835577                    71182072                    
GPU 1           293.543           0.474        0.042        0.230        14231467                    73051302                    
GPU 2           283.008           0.466        0.040        0.221        14022004                    71994645                    
GPU 3           274.409           0.477        0.039        0.224        10593347                    75055849                    
GPU 4           72.014            0.000        0.000        0.000        706202                      466871                      
GPU 5           73.887            0.000        0.000        0.000        2213259                     1794045                     
GPU 6           73.737            0.000        0.000        0.000        2361967                     1928924                     
GPU 7           73.381            0.000        0.000        0.000        4111360                     3504035                     
GPU 0           275.233           0.456        0.048        0.219        10168101                    70326134                    
GPU 1           290.150           0.339        0.041        0.224        9706700                     62859812                    
GPU 2           242.982           0.354        0.048        0.131        10555624                    71994645                    
GPU 3           257.361           0.259        0.045        0.224        14358437                    53992554                    
GPU 4           72.001            0.000        0.000        0.000        3211822                     2672822                     
GPU 5           73.944            0.000        0.000        0.000        2441469                     3455605                     
GPU 6           73.735            0.000        0.000        0.000        2010042                     1640529                     
GPU 7           73.381            0.000        0.000        0.000        875644                      618410                      
GPU 0           310.019           0.516        0.045        0.257        12053703                    83000287                    
GPU 1           311.935           0.498        0.044        0.246        11854906                    82098111                    
GPU 2           286.488           0.513        0.044        0.246        12060259                    83312901                    
GPU 3           282.511           0.538        0.047        0.275        14865445                    87979166                    
GPU 4           72.009            0.000        0.000        0.000        532983                      332786                      
GPU 5           73.856            0.000        0.000        0.000        4109100                     302372                      
GPU 6           73.741            0.000        0.000        0.000        4392440                     3753644                     
GPU 7           73.382            0.000        0.000        0.000        4675294                     3997943                     
#Entity         POWER             SMACT        TENSO        DRAMA        PCITX                       PCIRX                       
ID               W                                                                                                               
GPU 0           231.240           0.366        0.044        0.098        18273449                    180947976                   
GPU 1           236.721           0.346        0.043        0.091        16209043                    160518692                   
GPU 2           222.361           0.337        0.042        0.091        18298208                    198526702                   
GPU 3           217.767           0.270        0.040        0.103        13031159                    107658004                   
GPU 4           71.975            0.000        0.000        0.000        4424805                     3768133                     
GPU 5           73.829            0.000        0.000        0.000        510417                      3750400                     
GPU 6           73.550            0.000        0.000        0.000        213915                      28585                       
GPU 7           73.228            0.000        0.000        0.000        1202531                     903327                      
GPU 0           231.240           0.366        0.044        0.098        18273449                    180947976                   
GPU 1           236.721           0.346        0.043        0.091        12975911                    160518692                   
GPU 2           222.361           0.337        0.042        0.091        18298208                    198526702                   
GPU 3           217.767           0.270        0.040        0.103        13031159                    121803527                   
GPU 4           71.975            0.000        0.000        0.000        4424805                     3768133                     
GPU 5           73.829            0.000        0.000        0.000        4412235                     3750400                     
GPU 6           73.550            0.000        0.000        0.000        213915                      28585                       
GPU 7           73.228            0.000        0.000        0.000        1202531                     3023233                     
GPU 0           288.239           0.468        0.043        0.213        9674074                     95786473                    
GPU 1           264.484           0.373        0.044        0.241        12303067                    98580908                    
GPU 2           274.758           0.474        0.043        0.205        15096675                    114419796                   
GPU 3           270.004           0.350        0.041        0.190        13053073                    75052830                    
GPU 4           72.094            0.000        0.000        0.000        1771067                     1404278                     
GPU 5           74.130            0.000        0.000        0.000        2175161                     1756300                     
GPU 6           73.592            0.000        0.000        0.000        2068383                     1667107                     
GPU 7           73.464            0.000        0.000        0.000        3578735                     1985172                     
GPU 0           257.451           0.372        0.048        0.107        15515717                    97759159                    
GPU 1           309.500           0.451        0.048        0.107        14205374                    85525738                    
GPU 2           256.098           0.393        0.053        0.121        11244774                    119719238                   
GPU 3           241.809           0.309        0.051        0.164        12785699                    69582625                    
GPU 4           72.239            0.000        0.000        0.000        2246715                     1844131                     
GPU 5           73.935            0.000        0.000        0.000        1691099                     1346800                     
GPU 6           73.713            0.000        0.000        0.000        2167850                     1780510                     
GPU 7           73.641            0.000        0.000        0.000        2422245                     1734150                     
GPU 0           314.795           0.470        0.054        0.207        9310706                     103101336                   
GPU 1           258.989           0.439        0.052        0.177        10375631                    98353222                    
GPU 2           294.099           0.516        0.051        0.241        17490866                    116458691                   
GPU 3           292.085           0.436        0.047        0.139        8499805                     83353401                    
GPU 4           71.727            0.000        0.000        0.000        4190548                     3555363                     
GPU 5           73.888            0.000        0.000        0.000        4351322                     3687330                     
GPU 6           73.609            0.000        0.000        0.000        4252270                     3620848                     
GPU 7           73.250            0.000        0.000        0.000        2124058                     3692625                     
GPU 0           245.179           0.397        0.034        0.141        13930332                    75912185                    
GPU 1           275.043           0.395        0.039        0.177        12771149                    78162858                    
GPU 2           243.741           0.385        0.039        0.115        12294369                    97732022                    
GPU 3           230.094           0.259        0.038        0.117        10611175                    69859489                    
GPU 4           72.074            0.000        0.000        0.000        1830405                     1463206                     
GPU 5           73.811            0.000        0.000        0.000        718378                      472950                      
GPU 6           73.829            0.000        0.000        0.000        1747918                     1383870                     
GPU 7           73.277            0.000        0.000        0.000        1674617                     1323482                     
GPU 0           291.381           0.415        0.046        0.154        13043898                    90975342                    
GPU 1           284.821           0.482        0.042        0.125        11480807                    88774375                    
GPU 2           271.744           0.426        0.041        0.232        12245225                    88942800                    
GPU 3           266.797           0.432        0.040        0.215        11271938                    83970389                    
GPU 4           72.055            0.000        0.000        0.000        2245160                     1840570                     
GPU 5           74.090            0.000        0.000        0.000        4772424                     1629796                     
GPU 6           73.545            0.000        0.000        0.000        2174418                     1778735                     
GPU 7           73.581            0.000        0.000        0.000        2143000                     1754126                     
GPU 0           255.737           0.451        0.041        0.189        10326119                    80666538                    
GPU 1           283.291           0.410        0.040        0.212        13222182                    85128839                    
GPU 2           262.541           0.422        0.042        0.150        14195979                    97622175                    
GPU 3           249.624           0.293        0.047        0.130        11927779                    71988587                    
GPU 4           71.920            0.000        0.000        0.000        4383770                     3726073                     
GPU 5           73.521            0.000        0.000        0.000        2038555                     2248867                     
GPU 6           73.624            0.000        0.000        0.000        4381890                     3742580                     
GPU 7           73.235            0.000        0.000        0.000        4333511                     3684716                     
GPU 0           282.331           0.452        0.038        0.197        13668919                    81580740                    
GPU 1           290.842           0.435        0.041        0.184        12729479                    79130158                    
GPU 2           272.788           0.465        0.046        0.141        10171519                    92983270                    
GPU 3           264.388           0.375        0.040        0.178        12194984                    77636023                    
GPU 4           72.054            0.000        0.000        0.000        713625                      475168                      
GPU 5           73.905            0.000        0.000        0.000        2710694                     2443718                     
GPU 6           73.641            0.000        0.000        0.000        1663334                     1308727                     
GPU 7           73.413            0.000        0.000        0.000        1366699                     1046268                     
GPU 0           288.571           0.430        0.064        0.150        9001867                     73442496                    
GPU 1           299.105           0.437        0.064        0.153        9006774                     73613937                    
GPU 2           280.559           0.426        0.041        0.197        14876334                    84157891                    
GPU 3           270.166           0.344        0.063        0.151        8383231                     69706706                    
GPU 4           72.235            0.000        0.000        0.000        4800401                     4102745                     
GPU 5           73.991            0.000        0.000        0.000        2955206                     1344173                     
GPU 6           73.750            0.000        0.000        0.000        2167750                     1779903                     
GPU 7           73.723            0.000        0.000        0.000        3325906                     2802487                     
GPU 0           255.942           0.404        0.034        0.147        14276952                    96457989                    
GPU 1           264.748           0.407        0.033        0.140        13948493                    94635814                    
GPU 2           249.119           0.472        0.061        0.141        10841799                    106084776                   
GPU 3           242.111           0.313        0.034        0.151        12983161                    76042884                    
GPU 4           71.815            0.000        0.000        0.000        2039635                     1648825                     
GPU 5           73.787            0.000        0.000        0.000        1689518                     3739753                     
GPU 6           73.734            0.000        0.000        0.000        4398142                     3756211                     
GPU 7           73.752            0.000        0.000        0.000        2391335                     1952163                     
GPU 0           256.058           0.432        0.045        0.161        12426592                    85801394                    
GPU 1           254.356           0.432        0.045        0.159        11861660                    79413969                    
GPU 2           237.159           0.408        0.044        0.128        12677927                    93840332                    
GPU 3           240.822           0.326        0.044        0.153        11311986                    75968002                    
GPU 4           72.187            0.000        0.000        0.000        2761171                     2311023                     
GPU 5           73.961            0.000        0.000        0.000        2436142                     1983361                     
GPU 6           73.522            0.000        0.000        0.000        214394                      28585                       
GPU 7           73.020            0.000        0.000        0.000        2146551                     1754554                     
GPU 0           264.678           0.393        0.039        0.131        9173197                     74607976                    
GPU 1           267.414           0.416        0.038        0.146        9406562                     75275561                    
GPU 2           249.270           0.423        0.039        0.151        9783443                     76734020                    
GPU 3           239.222           0.296        0.037        0.139        8584262                     70423555                    
GPU 4           71.887            0.000        0.000        0.000        3542185                     2967281                     
GPU 5           74.070            0.000        0.000        0.000        1063838                     790280                      
GPU 6           73.587            0.000        0.000        0.000        4825234                     4132338                     
GPU 7           72.995            0.000        0.000        0.000        4334071                     3685795                     
GPU 0           262.576           0.444        0.037        0.182        14485468                    92316559                    
GPU 1           270.881           0.452        0.037        0.181        14813399                    89586222                    
GPU 2           255.743           0.451        0.037        0.179        14923061                    93005898                    
GPU 3           253.061           0.371        0.037        0.184        13918793                    79856455                    
GPU 4           72.157            0.000        0.000        0.000        1106859                     835909                      
GPU 5           74.007            0.000        0.000        0.000        4429116                     3785605                     
GPU 6           73.519            0.000        0.000        0.000        1692454                     1334243                     
GPU 7           73.283            0.000        0.000        0.000        653667                      417875                      
#Entity         POWER             SMACT        TENSO        DRAMA        PCITX                       PCIRX                       
ID               W                                                                                                               
GPU 0           250.496           0.407        0.049        0.134        14485468                    78986432                    
GPU 1           270.881           0.452        0.047        0.118        14813399                    76269677                    
GPU 2           255.743           0.451        0.048        0.123        11205461                    107788367                   
GPU 3           231.822           0.371        0.045        0.184        10147855                    79856455                    
GPU 4           72.157            0.000        0.000        0.000        1773448                     3757541                     
GPU 5           74.007            0.000        0.000        0.000        4429116                     3785605                     
GPU 6           73.519            0.000        0.000        0.000        1692454                     2523988                     
GPU 7           73.517            0.000        0.000        0.000        4734774                     417875                      
GPU 0           304.863           0.397        0.039        0.139        13651124                    90490256                    
GPU 1           316.807           0.459        0.053        0.202        10813916                    78242419                    
GPU 2           296.335           0.458        0.040        0.183        14281205                    82524915                    
GPU 3           284.146           0.462        0.053        0.211        10913780                    78223897                    
GPU 4           71.587            0.000        0.000        0.000        2772026                     2323234                     
GPU 5           74.073            0.000        0.000        0.000        507810                      299760                      
GPU 6           73.634            0.000        0.000        0.000        3495600                     2924355                     
GPU 7           73.020            0.000        0.000        0.000        2131364                     1744605                     
GPU 0           250.353           0.461        0.051        0.195        12875871                    76534661                    
GPU 1           268.037           0.403        0.034        0.146        12512565                    72394277                    
GPU 2           234.590           0.440        0.048        0.166        12218283                    75040381                    
GPU 3           226.888           0.300        0.031        0.136        12185315                    70743484                    
GPU 4           71.969            0.000        0.000        0.000        3163362                     2631418                     
GPU 5           73.867            0.000        0.000        0.000        4421577                     3762821                     
GPU 6           73.672            0.000        0.000        0.000        1073817                     810735                      
GPU 7           73.479            0.000        0.000        0.000        4369674                     3724624                     
GPU 0           250.353           0.461        0.031        0.195        12875871                    76534661                    
GPU 1           268.037           0.403        0.034        0.146        12512565                    72394277                    
GPU 2           234.590           0.440        0.029        0.140        9009119                     75040381                    
GPU 3           229.844           0.300        0.030        0.136        12185315                    70743484                    
GPU 4           71.969            0.000        0.000        0.000        1469530                     2631418                     
GPU 5           73.867            0.000        0.000        0.000        4421577                     3762821                     
GPU 6           73.672            0.000        0.000        0.000        1073817                     1131580                     
GPU 7           73.479            0.000        0.000        0.000        4369674                     3724624                     
GPU 0           248.675           0.381        0.033        0.139        11594685                    68490123                    
GPU 1           259.703           0.403        0.030        0.133        8562682                     69398185                    
GPU 2           238.538           0.401        0.032        0.141        12375548                    73247630                    
GPU 3           224.307           0.316        0.027        0.123        11632668                    69978141                    
GPU 4           72.171            0.000        0.000        0.000        4432510                     1156128                     
GPU 5           73.898            0.000        0.000        0.000        1671172                     1746619                     
GPU 6           73.695            0.000        0.000        0.000        1458113                     2846169                     
GPU 7           73.360            0.000        0.000        0.000        1671834                     1751446                     
GPU 0           301.801           0.482        0.042        0.231        14325548                    74225909                    
GPU 1           310.244           0.487        0.041        0.229        14497441                    75394243                    
GPU 2           284.860           0.412        0.032        0.152        9048728                     70579556                    
GPU 3           264.879           0.427        0.036        0.197        12796316                    73000144                    
GPU 4           72.009            0.000        0.000        0.000        681258                      448058                      
GPU 5           73.939            0.000        0.000        0.000        4426878                     3760776                     
GPU 6           73.688            0.000        0.000        0.000        2132507                     1728961                     
GPU 7           73.349            0.000        0.000        0.000        4330879                     3685230                     
GPU 0           266.094           0.482        0.042        0.231        14325548                    74225909                    
GPU 1           310.244           0.487        0.041        0.229        14497441                    72537664                    
GPU 2           284.860           0.412        0.040        0.223        14367892                    70579556                    
GPU 3           259.315           0.427        0.036        0.197        12796316                    73000144                    
GPU 4           72.009            0.000        0.000        0.000        4781463                     448058                      
GPU 5           73.939            0.000        0.000        0.000        4426878                     3760776                     
GPU 6           73.688            0.000        0.000        0.000        2132507                     2036017                     
GPU 7           73.349            0.000        0.000        0.000        4330879                     3685230                     
GPU 0           240.133           0.423        0.040        0.118        12009809                    76099811                    
GPU 1           259.297           0.412        0.040        0.163        9537556                     76288250                    
GPU 2           247.509           0.430        0.040        0.157        12097222                    77584691                    
GPU 3           232.027           0.427        0.040        0.202        10359526                    72229738                    
GPU 4           71.594            0.000        0.000        0.000        2023814                     1625078                     
GPU 5           74.047            0.000        0.000        0.000        2066517                     1667537                     
GPU 6           73.542            0.000        0.000        0.000        2460515                     3546364                     
GPU 7           73.144            0.000        0.000        0.000        1696344                     1349809                     
GPU 0           273.375           0.384        0.035        0.174        8834964                     73889569                    
GPU 1           261.454           0.378        0.037        0.121        12774437                    79658832                    
GPU 2           238.161           0.406        0.037        0.128        9462883                     76385989                    
GPU 3           237.120           0.307        0.035        0.128        11781226                    73658346                    
GPU 4           71.443            0.000        0.000        0.000        2304395                     1901375                     
GPU 5           73.687            0.000        0.000        0.000        1727294                     1381940                     
GPU 6           73.239            0.000        0.000        0.000        4177865                     618811                      
GPU 7           73.305            0.000        0.000        0.000        2198233                     1816661                     
GPU 0           256.395           0.429        0.037        0.144        13536390                    78928477                    
GPU 1           292.739           0.440        0.037        0.169        12978543                    73700405                    
GPU 2           259.391           0.451        0.041        0.181        14113917                    81587779                    
GPU 3           251.573           0.272        0.044        0.125        8238862                     69681279                    
GPU 4           71.960            0.000        0.000        0.000        4353883                     3697761                     
GPU 5           73.957            0.000        0.000        0.000        4420408                     3753809                     
GPU 6           73.623            0.000        0.000        0.000        871227                      4068187                     
GPU 7           73.329            0.000        0.000        0.000        4338795                     3698903                     
GPU 0           248.011           0.401        0.051        0.121        9052948                     74079679                    
GPU 1           256.360           0.412        0.054        0.144        9123532                     71574167                    
GPU 2           236.049           0.402        0.046        0.125        9599765                     74847601                    
GPU 3           228.314           0.308        0.041        0.123        10663489                    72680121                    
GPU 4           72.037            0.000        0.000        0.000        2174594                     1761966                     
GPU 5           73.714            0.000        0.000        0.000        2400362                     1948656                     
GPU 6           73.529            0.000        0.000        0.000        1585332                     1238568                     
GPU 7           73.101            0.000        0.000        0.000        2029547                     1631254                     
GPU 0           272.011           0.363        0.039        0.203        12200601                    75299409                    
GPU 1           289.743           0.295        0.037        0.122        11429666                    80834995                    
GPU 2           267.921           0.439        0.038        0.164        13550169                    83896411                    
GPU 3           260.952           0.412        0.042        0.197        10970851                    83933203                    
GPU 4           72.051            0.000        0.000        0.000        1543384                     1223177                     
GPU 5           73.669            0.000        0.000        0.000        1121024                     844830                      
GPU 6           73.620            0.000        0.000        0.000        2713598                     2262904                     
GPU 7           73.213            0.000        0.000        0.000        1590057                     1263555                     
GPU 0           414.461           0.475        0.075        0.165        13513537                    81651096                    
GPU 1           419.873           0.412        0.040        0.188        10395674                    69270455                    
GPU 2           399.512           0.527        0.126        0.195        13007698                    77216862                    
GPU 3           390.707           0.510        0.154        0.177        12594205                    71897709                    
GPU 4           72.284            0.000        0.000        0.000        4392843                     3743061                     
GPU 5           74.189            0.000        0.000        0.000        4415066                     3758439                     
GPU 6           73.772            0.000        0.000        0.000        4403231                     3732422                     
GPU 7           73.509            0.000        0.000        0.000        4349898                     3713213                     
GPU 0           269.107           0.500        0.042        0.163        11597900                    65038475                    
GPU 1           269.982           0.361        0.183        0.182        11255289                    71705876                    
GPU 2           252.078           0.452        0.085        0.163        9187959                     69552688                    
GPU 3           248.056           0.376        0.065        0.154        8860136                     68304182                    
GPU 4           72.071            0.000        0.000        0.000        329689                      137211                      
GPU 5           74.165            0.000        0.000        0.000        1781380                     1402944                     
GPU 6           73.710            0.000        0.000        0.000        2038132                     1649650                     
GPU 7           73.344            0.000        0.000        0.000        1394792                     1071362                     
#Entity         POWER             SMACT        TENSO        DRAMA        PCITX                       PCIRX                       
ID               W                                                                                                               
GPU 0           266.493           0.395        0.036        0.168        9191448                     72059851                    
GPU 1           266.193           0.353        0.041        0.159        9161589                     69088476                    
GPU 2           255.183           0.408        0.040        0.157        12700995                    74625292                    
GPU 3           248.840           0.373        0.037        0.166        12980093                    73411405                    
GPU 4           72.010            0.000        0.000        0.000        4832026                     4128593                     
GPU 5           73.630            0.000        0.000        0.000        2715855                     2252077                     
GPU 6           73.769            0.000        0.000        0.000        1630948                     1300775                     
GPU 7           73.288            0.000        0.000        0.000        2670118                     2216801                     
GPU 0           285.271           0.401        0.040        0.198        13743357                    69288050                    
GPU 1           286.680           0.410        0.035        0.166        13629242                    73034838                    
GPU 2           261.863           0.413        0.035        0.168        9431892                     70259629                    
GPU 3           263.785           0.404        0.034        0.171        10042813                    70369569                    
GPU 4           71.838            0.000        0.000        0.000        1691342                     1331157                     
GPU 5           73.739            0.000        0.000        0.000        2961590                     2454368                     
GPU 6           73.446            0.000        0.000        0.000        4376710                     3732151                     
GPU 7           73.235            0.000        0.000        0.000        4105621                     3479873                     
GPU 0           285.271           0.440        0.060        0.198        12251724                    73243571                    
GPU 1           317.784           0.449        0.039        0.195        12172495                    73034838                    
GPU 2           276.750           0.464        0.035        0.199        9431892                     74321718                    
GPU 3           263.785           0.432        0.034        0.198        13617835                    73033240                    
GPU 4           72.024            0.000        0.000        0.000        1691342                     2579526                     
GPU 5           73.700            0.000        0.000        0.000        1673722                     1327344                     
GPU 6           73.646            0.000        0.000        0.000        656848                      3732151                     
GPU 7           73.235            0.000        0.000        0.000        1472643                     1146321                     
GPU 0           226.580           0.359        0.032        0.105        9217762                     71786705                    
GPU 1           234.769           0.255        0.033        0.106        6418509                     53521650                    
GPU 2           220.728           0.369        0.032        0.105        11320928                    112376987                   
GPU 3           223.405           0.343        0.032        0.107        9328227                     71908274                    
GPU 4           71.746            0.000        0.000        0.000        1549684                     1223711                     
GPU 5           73.733            0.000        0.000        0.000        4384709                     3716024                     
GPU 6           73.479            0.000        0.000        0.000        4735586                     4057576                     
GPU 7           73.117            0.000        0.000        0.000        3294480                     2775644                     
GPU 0           242.874           0.396        0.032        0.130        13600583                    71918898                    
GPU 1           249.022           0.250        0.031        0.124        10304659                    54775109                    
GPU 2           235.541           0.396        0.032        0.128        13724055                    72603056                    
GPU 3           226.630           0.386        0.030        0.120        13210916                    70889851                    
GPU 4           71.938            0.000        0.000        0.000        4433198                     3779669                     
GPU 5           73.755            0.000        0.000        0.000        679481                      432754                      
GPU 6           73.752            0.000        0.000        0.000        2500235                     2049538                     
GPU 7           73.246            0.000        0.000        0.000        2754585                     2273476                     
GPU 0           242.874           0.396        0.032        0.130        13600583                    71918898                    
GPU 1           249.022           0.250        0.031        0.124        10674500                    54775109                    
GPU 2           235.541           0.396        0.032        0.128        13724055                    72603056                    
GPU 3           226.630           0.386        0.030        0.120        13210916                    71310088                    
GPU 4           71.938            0.000        0.000        0.000        4433198                     3779669                     
GPU 5           73.755            0.000        0.000        0.000        4760313                     432754                      
GPU 6           73.493            0.000        0.000        0.000        2500235                     2049538                     
GPU 7           73.246            0.000        0.000        0.000        2754585                     1435423                     
GPU 0           325.559           0.431        0.065        0.152        9215264                     81641624                    
GPU 1           380.852           0.539        0.062        0.154        8963625                     67649343                    
GPU 2           323.015           0.503        0.074        0.156        12299446                    84116207                    
GPU 3           310.865           0.585        0.041        0.144        9753344                     68390499                    
GPU 4           71.495            0.000        0.000        0.000        1769507                     1400408                     
GPU 5           74.104            0.000        0.000        0.000        3207595                     330654                      
GPU 6           73.519            0.000        0.000        0.000        3484455                     1626853                     
GPU 7           73.071            0.000        0.000        0.000        1779212                     3711454                     
GPU 0           261.811           0.385        0.040        0.158        12736430                    72568937                    
GPU 1           266.887           0.356        0.039        0.160        12405674                    72012862                    
GPU 2           253.994           0.408        0.039        0.156        12980853                    74542422                    
GPU 3           246.898           0.348        0.038        0.154        11615061                    71313287                    
GPU 4           71.870            0.000        0.000        0.000        4192072                     3550081                     
GPU 5           73.735            0.000        0.000        0.000        543405                      3766517                     
GPU 6           73.649            0.000        0.000        0.000        1105828                     832777                      
GPU 7           73.314            0.000        0.000        0.000        201529                      15722                       
GPU 0           261.811           0.385        0.045        0.158        12708440                    72568937                    
GPU 1           292.376           0.411        0.039        0.160        9592042                     72012862                    
GPU 2           253.994           0.449        0.039        0.199        12180266                    74542422                    
GPU 3           246.898           0.387        0.038        0.154        11615061                    70525210                    
GPU 4           71.870            0.000        0.000        0.000        4192072                     1466013                     
GPU 5           73.735            0.000        0.000        0.000        4426234                     1757751                     
GPU 6           73.649            0.000        0.000        0.000        4374876                     832777                      
GPU 7           73.314            0.000        0.000        0.000        2052888                     4119413                     
GPU 0           282.327           0.427        0.042        0.187        9538537                     70036187                    
GPU 1           290.758           0.424        0.042        0.201        13768865                    73857903                    
GPU 2           266.062           0.434        0.041        0.183        9798812                     71045027                    
GPU 3           260.815           0.428        0.040        0.201        13598898                    73831724                    
GPU 4           71.742            0.000        0.000        0.000        2246730                     1842664                     
GPU 5           73.985            0.000        0.000        0.000        2042411                     1657903                     
GPU 6           73.407            0.000        0.000        0.000        2399522                     812321                      
GPU 7           73.095            0.000        0.000        0.000        2140792                     1663359                     
GPU 0           411.282           0.467        0.089        0.192        12189353                    70320136                    
GPU 1           333.796           0.400        0.059        0.182        10102499                    69450920                    
GPU 2           410.171           0.528        0.161        0.188        12844468                    70090175                    
GPU 3           401.861           0.418        0.040        0.179        9640148                     70448810                    
GPU 4           71.880            0.000        0.000        0.000        4201286                     3564124                     
GPU 5           73.748            0.000        0.000        0.000        2938341                     2424249                     
GPU 6           73.395            0.000        0.000        0.000        1080125                     3732815                     
GPU 7           73.468            0.000        0.000        0.000        4304478                     1751938                     
GPU 0           282.322           0.507        0.150        0.176        9355332                     66521715                    
GPU 1           389.516           0.529        0.047        0.175        11925751                    72051797                    
GPU 2           261.911           0.442        0.067        0.173        9548879                     69539586                    
GPU 3           256.109           0.538        0.052        0.164        11476802                    68361426                    
GPU 4           71.880            0.000        0.000        0.000        1562889                     1229348                     
GPU 5           73.710            0.000        0.000        0.000        2938341                     1330508                     
GPU 6           73.395            0.000        0.000        0.000        4375301                     1958296                     
GPU 7           73.346            0.000        0.000        0.000        1719969                     3667767                     
GPU 0           277.402           0.409        0.049        0.170        12553047                    72365920                    
GPU 1           276.450           0.386        0.044        0.163        9021867                     69537296                    
GPU 2           256.956           0.413        0.042        0.158        13504107                    74947273                    
GPU 3           254.453           0.379        0.042        0.167        9186819                     69716370                    
GPU 4           71.824            0.000        0.000        0.000        3461250                     2931320                     
GPU 5           73.797            0.000        0.000        0.000        4436235                     3787668                     
GPU 6           73.510            0.000        0.000        0.000        2400266                     816504                      
GPU 7           73.176            0.000        0.000        0.000        2144532                     1753045                     
GPU 0           294.502           0.393        0.044        0.169        9082381                     69485195                    
GPU 1           278.148           0.372        0.042        0.201        13844453                    73994661                    
GPU 2           278.064           0.442        0.044        0.194        12773297                    73661326                    
GPU 3           271.044           0.372        0.040        0.197        13848223                    73974062                    
GPU 4           71.843            0.000        0.000        0.000        2709503                     2234017                     
GPU 5           73.652            0.000        0.000        0.000        1121839                     819654                      
GPU 6           73.411            0.000        0.000        0.000        1083257                     3823358                     
GPU 7           73.134            0.000        0.000        0.000        4420962                     3772177                     
#Entity         POWER             SMACT        TENSO        DRAMA        PCITX                       PCIRX                       
ID               W                                                                                                               
GPU 0           294.502           0.393        0.052        0.169        13695712                    69485195                    
GPU 1           296.853           0.428        0.042        0.201        13844453                    73994661                    
GPU 2           278.064           0.442        0.040        0.194        9938402                     73661326                    
GPU 3           277.639           0.418        0.049        0.197        13848223                    73974062                    
GPU 4           71.843            0.000        0.000        0.000        2709503                     1397176                     
GPU 5           73.652            0.000        0.000        0.000        1121839                     3574011                     
GPU 6           73.411            0.000        0.000        0.000        4459536                     1450926                     
GPU 7           73.134            0.000        0.000        0.000        198673                      3772177                     
GPU 0           268.204           0.401        0.038        0.152        8797731                     68779219                    
GPU 1           268.354           0.385        0.038        0.154        8895293                     68811824                    
GPU 2           255.340           0.441        0.056        0.180        12967309                    72608023                    
GPU 3           251.385           0.351        0.037        0.154        8858739                     68401961                    
GPU 4           71.848            0.000        0.000        0.000        4558961                     3900718                     
GPU 5           73.518            0.000        0.000        0.000        1720877                     1375759                     
GPU 6           73.429            0.000        0.000        0.000        2759597                     2318769                     
GPU 7           72.687            0.000        0.000        0.000        4949505                     4252498                     
GPU 0           266.377           0.392        0.037        0.155        12896981                    74022835                    
GPU 1           267.634           0.409        0.036        0.150        12838951                    74601346                    
GPU 2           249.779           0.425        0.039        0.162        9293903                     70654214                    
GPU 3           244.094           0.341        0.034        0.151        12730516                    73567082                    
GPU 4           71.815            0.000        0.000        0.000        712623                      470636                      
GPU 5           73.440            0.000        0.000        0.000        4549313                     3893947                     
GPU 6           73.110            0.000        0.000        0.000        3604586                     3037013                     
GPU 7           72.982            0.000        0.000        0.000        2087573                     1694952                     
GPU 0           266.377           0.392        0.050        0.155        12896981                    74022835                    
GPU 1           267.634           0.409        0.036        0.150        12838951                    74601346                    
GPU 2           249.779           0.417        0.045        0.181        12043123                    70654214                    
GPU 3           266.323           0.341        0.042        0.151        12730516                    73567082                    
GPU 4           71.815            0.000        0.000        0.000        3071493                     3846423                     
GPU 5           73.440            0.000        0.000        0.000        4549313                     3893947                     
GPU 6           73.110            0.000        0.000        0.000        3604586                     840607                      
GPU 7           72.982            0.000        0.000        0.000        2702270                     1694952                     
GPU 0           253.137           0.432        0.033        0.174        10518602                    65677356                    
GPU 1           248.615           0.316        0.029        0.149        7506602                     54740076                    
GPU 2           236.251           0.407        0.028        0.144        9168121                     63420868                    
GPU 3           232.674           0.412        0.028        0.151        9142561                     63694472                    
GPU 4           71.579            0.000        0.000        0.000        1141427                     871530                      
GPU 5           73.420            0.000        0.000        0.000        924918                      677050                      
GPU 6           73.409            0.000        0.000        0.000        4533759                     3897607                     
GPU 7           72.980            0.000        0.000        0.000        3049502                     2544308                     
GPU 0           240.141           0.382        0.026        0.121        11490503                    63188476                    
GPU 1           250.879           0.265        0.032        0.124        10266626                    54357721                    
GPU 2           237.338           0.400        0.032        0.136        12192967                    66446303                    
GPU 3           230.457           0.387        0.031        0.122        12240260                    65909054                    
GPU 4           71.801            0.000        0.000        0.000        4548211                     3912237                     
GPU 5           73.501            0.000        0.000        0.000        4476852                     3812372                     
GPU 6           73.298            0.000        0.000        0.000        710310                      474016                      
GPU 7           72.809            0.000        0.000        0.000        1618884                     1294478                     
GPU 0           240.141           0.382        0.033        0.121        11490503                    63188476                    
GPU 1           250.879           0.265        0.032        0.124        10266626                    54357721                    
GPU 2           237.338           0.400        0.025        0.091        8859750                     66446303                    
GPU 3           208.105           0.387        0.024        0.122        12240260                    65909054                    
GPU 4           71.801            0.000        0.000        0.000        711795                      3912237                     
GPU 5           73.501            0.000        0.000        0.000        4476852                     3812372                     
GPU 6           73.298            0.000        0.000        0.000        710310                      2285946                     
GPU 7           72.809            0.000        0.000        0.000        4433402                     1294478                     
GPU 0           282.643           0.356        0.024        0.092        15260838                    117557252                   
GPU 1           294.855           0.402        0.036        0.212        9773535                     75252396                    
GPU 2           275.519           0.395        0.029        0.133        20470675                    204379190                   
GPU 3           265.946           0.455        0.036        0.201        11641625                    79579169                    
GPU 4           71.618            0.000        0.000        0.000        4450029                     3824043                     
GPU 5           73.402            0.000        0.000        0.000        1216255                     926471                      
GPU 6           73.308            0.000        0.000        0.000        1672824                     1343185                     
GPU 7           72.976            0.000        0.000        0.000        2764789                     2316034                     
GPU 0           168.398           0.460        0.038        0.226        12480817                    91436383                    
GPU 1           159.513           0.123        0.010        0.067        8113570                     41582046                    
GPU 2           158.936           0.372        0.030        0.187        13201515                    91502346                    
GPU 3           159.810           0.230        0.017        0.112        12714797                    76298742                    
GPU 4           71.697            0.000        0.000        0.000        3325050                     2795729                     
GPU 5           73.480            0.000        0.000        0.000        4525240                     3865975                     
GPU 6           73.338            0.000        0.000        0.000        4537725                     3898388                     
GPU 7           72.987            0.000        0.000        0.000        4465019                     3823041                     
