#Entity         POWER             SMACT        TENSO        DRAMA        PCITX                       PCIRX                       NVLTX                       NVLRX                       
ID               W                                                                                                                                                                       
GPU 0           166.172           0.550        0.044        0.403        15359523                    70148141                    0                           0                           
GPU 1           72.268            0.000        0.000        0.000        3570516                     2984019                     0                           0                           
GPU 2           71.053            0.000        0.000        0.000        4210991                     3551255                     0                           0                           
GPU 3           71.003            0.000        0.000        0.000        3259962                     2721069                     0                           0                           
GPU 4           71.505            0.000        0.000        0.000        4150603                     3520152                     0                           0                           
GPU 5           73.121            0.000        0.000        0.000        4110187                     3482970                     0                           0                           
GPU 6           73.087            0.000        0.000        0.000        4062240                     3444939                     0                           0                           
GPU 7           72.700            0.000        0.000        0.000        4161432                     3564612                     0                           0                           
GPU 0           166.172           0.550        0.044        0.403        15359523                    70148141                    0                           0                           
GPU 1           72.268            0.000        0.000        0.000        2356918                     2984019                     0                           0                           
GPU 2           71.053            0.000        0.000        0.000        4210991                     3551255                     0                           0                           
GPU 3           71.003            0.000        0.000        0.000        3259962                     838059                      0                           0                           
GPU 4           71.505            0.000        0.000        0.000        4150603                     3520152                     0                           0                           
GPU 5           73.121            0.000        0.000        0.000        4110187                     3482970                     0                           0                           
GPU 6           73.087            0.000        0.000        0.000        4062240                     3444939                     0                           0                           
GPU 7           72.700            0.000        0.000        0.000        4161432                     3564612                     0                           0                           
GPU 0           112.320           0.000        0.000        0.000        2413676                     1939327                     0                           0                           
GPU 1           72.263            0.000        0.000        0.000        546768                      1926672                     0                           0                           
GPU 2           71.068            0.000        0.000        0.000        2406582                     1974787                     0                           0                           
GPU 3           71.011            0.000        0.000        0.000        1119705                     3022578                     0                           0                           
GPU 4           71.513            0.000        0.000        0.000        1760933                     1407240                     0                           0                           
GPU 5           73.122            0.000        0.000        0.000        2079188                     1671735                     0                           0                           
GPU 6           73.075            0.000        0.000        0.000        2171283                     1400261                     0                           0                           
GPU 7           72.669            0.000        0.000        0.000        1880622                     1497241                     0                           0                           
GPU 0           111.454           0.000        0.000        0.000        516288                      284614                      0                           0                           
GPU 1           72.263            0.000        0.000        0.000        3740627                     342385                      0                           0                           
GPU 2           71.078            0.000        0.000        0.000        498921                      305536                      0                           0                           
GPU 3           71.024            0.000        0.000        0.000        3597281                     2785678                     0                           0                           
GPU 4           71.507            0.000        0.000        0.000        2244851                     1850705                     0                           0                           
GPU 5           73.074            0.000        0.000        0.000        1657549                     1315872                     0                           0                           
GPU 6           73.065            0.000        0.000        0.000        2171283                     1779791                     0                           0                           
GPU 7           72.674            0.000        0.000        0.000        2121493                     1734719                     0                           0                           
GPU 0           110.644           0.000        0.000        0.000        5289493                     4316035                     0                           0                           
GPU 1           72.201            0.000        0.000        0.000        7018138                     3128541                     0                           0                           
GPU 2           71.068            0.000        0.000        0.000        5280316                     4485456                     0                           0                           
GPU 3           71.016            0.000        0.000        0.000        3365609                     3893805                     0                           0                           
GPU 4           71.507            0.000        0.000        0.000        4756823                     4054025                     0                           0                           
GPU 5           73.076            0.000        0.000        0.000        4689202                     3978468                     0                           0                           
GPU 6           73.064            0.000        0.000        0.000        5428797                     3238734                     0                           0                           
GPU 7           72.661            0.000        0.000        0.000        3817667                     3208699                     0                           0                           
GPU 0           110.286           0.000        0.000        0.000        7280309                     6216374                     0                           0                           
GPU 1           72.151            0.000        0.000        0.000        5433597                     4675676                     0                           0                           
GPU 2           71.070            0.000        0.000        0.000        6329093                     5484615                     0                           0                           
GPU 3           71.011            0.000        0.000        0.000        6533440                     5645196                     0                           0                           
GPU 4           71.502            0.000        0.000        0.000        6427919                     5581414                     0                           0                           
GPU 5           73.056            0.000        0.000        0.000        5560899                     4814743                     0                           0                           
GPU 6           73.050            0.000        0.000        0.000        6919130                     6022468                     0                           0                           
GPU 7           72.670            0.000        0.000        0.000        6175297                     5382013                     0                           0                           
GPU 0           109.578           0.000        0.000        0.000        6374292                     5388423                     0                           0                           
GPU 1           72.160            0.000        0.000        0.000        6034272                     5178222                     0                           0                           
GPU 2           71.020            0.000        0.000        0.000        6400683                     5516301                     0                           0                           
GPU 3           71.004            0.000        0.000        0.000        6557086                     5632177                     0                           0                           
GPU 4           71.513            0.000        0.000        0.000        5622631                     4844274                     0                           0                           
GPU 5           73.017            0.000        0.000        0.000        6560521                     5663979                     0                           0                           
GPU 6           73.061            0.000        0.000        0.000        5963361                     5139370                     0                           0                           
GPU 7           72.658            0.000        0.000        0.000        6146766                     5289468                     0                           0                           
GPU 0           109.140           0.000        0.000        0.000        610157                      409516                      0                           0                           
GPU 1           72.115            0.000        0.000        0.000        580656                      373129                      0                           0                           
GPU 2           70.995            0.000        0.000        0.000        611416                      414598                      0                           0                           
GPU 3           71.012            0.000        0.000        0.000        578522                      373104                      0                           0                           
GPU 4           71.487            0.000        0.000        0.000        1899475                     1556498                     0                           0                           
GPU 5           72.979            0.000        0.000        0.000        4150053                     3540907                     0                           0                           
GPU 6           73.081            0.000        0.000        0.000        1678649                     1352667                     0                           0                           
GPU 7           72.681            0.000        0.000        0.000        1819277                     1478687                     0                           0                           
GPU 0           108.676           0.000        0.000        0.000        273137                      66391                       0                           0                           
GPU 1           72.144            0.000        0.000        0.000        4491592                     3835487                     0                           0                           
GPU 2           70.999            0.000        0.000        0.000        4104252                     3460735                     0                           0                           
GPU 3           71.009            0.000        0.000        0.000        4197467                     3557184                     0                           0                           
GPU 4           71.492            0.000        0.000        0.000        4215942                     3576607                     0                           0                           
GPU 5           73.001            0.000        0.000        0.000        1366352                     1049061                     0                           0                           
GPU 6           73.065            0.000        0.000        0.000        4183616                     3558930                     0                           0                           
GPU 7           72.670            0.000        0.000        0.000        4118267                     3500448                     0                           0                           
GPU 0           108.676           0.000        0.000        0.000        5201980                     66391                       0                           0                           
GPU 1           72.144            0.000        0.000        0.000        4491592                     3835487                     0                           0                           
GPU 2           70.999            0.000        0.000        0.000        4402819                     3460735                     0                           0                           
GPU 3           71.009            0.000        0.000        0.000        4197467                     3557184                     0                           0                           
GPU 4           71.492            0.000        0.000        0.000        4215942                     3733827                     0                           0                           
GPU 5           73.001            0.000        0.000        0.000        1366352                     4095495                     0                           0                           
GPU 6           73.065            0.000        0.000        0.000        4183616                     3558930                     0                           0                           
GPU 7           72.670            0.000        0.000        0.000        3846784                     3500448                     0                           0                           
GPU 0           107.625           0.000        0.000        0.000        5322675                     4397638                     0                           0                           
GPU 1           72.197            0.000        0.000        0.000        5135917                     314427                      0                           0                           
GPU 2           71.044            0.000        0.000        0.000        4278376                     3746668                     0                           0                           
GPU 3           70.995            0.000        0.000        0.000        4053561                     3424133                     0                           0                           
GPU 4           71.512            0.000        0.000        0.000        4376500                     3736087                     0                           0                           
GPU 5           73.023            0.000        0.000        0.000        4870092                     4135360                     0                           0                           
GPU 6           73.097            0.000        0.000        0.000        3724421                     3996156                     0                           0                           
GPU 7           72.691            0.000        0.000        0.000        4752782                     3249803                     0                           0                           
GPU 0           107.319           0.000        0.000        0.000        528231                      317987                      0                           0                           
GPU 1           72.144            0.000        0.000        0.000        517233                      3503930                     0                           0                           
GPU 2           70.989            0.000        0.000        0.000        280383                      3636410                     0                           0                           
GPU 3           71.000            0.000        0.000        0.000        3006022                     2511618                     0                           0                           
GPU 4           71.500            0.000        0.000        0.000        264417                      79563                       0                           0                           
GPU 5           72.984            0.000        0.000        0.000        1928509                     1553288                     0                           0                           
GPU 6           73.067            0.000        0.000        0.000        4659951                     842803                      0                           0                           
GPU 7           72.684            0.000        0.000        0.000        669940                      4063914                     0                           0                           
GPU 0           106.943           0.000        0.000        0.000        3572068                     2868836                     0                           0                           
GPU 1           72.144            0.000        0.000        0.000        4150012                     221148                      0                           0                           
GPU 2           71.047            0.000        0.000        0.000        4297912                     99051                       0                           0                           
GPU 3           71.011            0.000        0.000        0.000        3668040                     3057811                     0                           0                           
GPU 4           71.500            0.000        0.000        0.000        4871415                     4170341                     0                           0                           
GPU 5           72.972            0.000        0.000        0.000        4062995                     3421028                     0                           0                           
GPU 6           73.103            0.000        0.000        0.000        1129269                     2716313                     0                           0                           
GPU 7           72.683            0.000        0.000        0.000        4141066                     431923                      0                           0                           
GPU 0           106.780           0.000        0.000        0.000        520587                      306296                      0                           0                           
GPU 1           72.126            0.000        0.000        0.000        430768                      4025416                     0                           0                           
GPU 2           70.986            0.000        0.000        0.000        1234443                     3641774                     0                           0                           
GPU 3           70.999            0.000        0.000        0.000        513043                      313381                      0                           0                           
GPU 4           71.516            0.000        0.000        0.000        1119759                     828028                      0                           0                           
GPU 5           72.968            0.000        0.000        0.000        514611                      306041                      0                           0                           
GPU 6           73.097            0.000        0.000        0.000        3234630                     2034377                     0                           0                           
GPU 7           72.708            0.000        0.000        0.000        1741348                     3539587                     0                           0                           
GPU 0           106.780           0.000        0.000        0.000        3970803                     3306731                     0                           0                           
GPU 1           72.133            0.000        0.000        0.000        4683044                     4025416                     0                           0                           
GPU 2           71.027            0.000        0.000        0.000        3826426                     933336                      0                           0                           
GPU 3           70.999            0.000        0.000        0.000        4354875                     3709766                     0                           0                           
GPU 4           71.515            0.000        0.000        0.000        1119759                     3173030                     0                           0                           
GPU 5           72.924            0.000        0.000        0.000        4474521                     3825273                     0                           0                           
GPU 6           73.088            0.000        0.000        0.000        2480118                     2034377                     0                           0                           
GPU 7           72.694            0.000        0.000        0.000        3025114                     1390696                     0                           0                           
#Entity         POWER             SMACT        TENSO        DRAMA        PCITX                       PCIRX                       NVLTX                       NVLRX                       
ID               W                                                                                                                                                                       
GPU 0           525.073           0.000        0.181        0.000        478540                      275173                      0                           0                           
GPU 1           72.178            0.000        0.000        0.000        3696357                     405468                      0                           0                           
GPU 2           70.992            0.000        0.000        0.000        3629321                     3069486                     0                           0                           
GPU 3           70.930            0.000        0.000        0.000        456365                      260576                      0                           0                           
GPU 4           71.469            0.000        0.000        0.000        2763753                     2294472                     0                           0                           
GPU 5           72.914            0.000        0.000        0.000        2086452                     1682578                     0                           0                           
GPU 6           73.060            0.000        0.000        0.000        2153539                     3782073                     0                           0                           
GPU 7           72.682            0.000        0.000        0.000        2517116                     2558099                     0                           0                           
GPU 0           525.073           0.562        0.427        0.242        11971477                    53611970                    0                           0                           
GPU 1           72.146            0.000        0.000        0.000        603289                      405468                      0                           0                           
GPU 2           70.937            0.000        0.000        0.000        545625                      358121                      0                           0                           
GPU 3           70.930            0.000        0.000        0.000        5123499                     4423014                     0                           0                           
GPU 4           71.473            0.000        0.000        0.000        2763753                     1411833                     0                           0                           
GPU 5           72.965            0.000        0.000        0.000        1715726                     1378765                     0                           0                           
GPU 6           73.064            0.000        0.000        0.000        4420366                     3782073                     0                           0                           
GPU 7           72.717            0.000        0.000        0.000        2185398                     2089038                     0                           0                           
GPU 0           481.297           0.880        0.338        0.252        10825926                    46291269                    0                           0                           
GPU 1           72.171            0.000        0.000        0.000        3601452                     349935                      0                           0                           
GPU 2           70.910            0.000        0.000        0.000        4210875                     3569418                     0                           0                           
GPU 3           70.917            0.000        0.000        0.000        1228637                     918500                      0                           0                           
GPU 4           71.268            0.000        0.000        0.000        4209963                     3573280                     0                           0                           
GPU 5           72.936            0.000        0.000        0.000        4367123                     3709932                     0                           0                           
GPU 6           72.979            0.000        0.000        0.000        266752                      3728302                     0                           0                           
GPU 7           72.661            0.000        0.000        0.000        4295180                     1806491                     0                           0                           
GPU 0           449.241           0.830        0.084        0.308        16201446                    62483371                    0                           0                           
GPU 1           72.153            0.000        0.000        0.000        551396                      3722695                     0                           0                           
GPU 2           70.985            0.000        0.000        0.000        502072                      312353                      0                           0                           
GPU 3           70.966            0.000        0.000        0.000        3399511                     3351422                     0                           0                           
GPU 4           71.149            0.000        0.000        0.000        432598                      236785                      0                           0                           
GPU 5           72.963            0.000        0.000        0.000        1123878                     828396                      0                           0                           
GPU 6           72.937            0.000        0.000        0.000        1149900                     855983                      0                           0                           
GPU 7           72.606            0.000        0.000        0.000        1680657                     1340333                     0                           0                           
GPU 0           449.765           0.726        0.084        0.488        13270219                    84414626                    0                           0                           
GPU 1           72.073            0.000        0.000        0.000        4388735                     334859                      0                           0                           
GPU 2           70.934            0.000        0.000        0.000        4642800                     3996613                     0                           0                           
GPU 3           70.901            0.000        0.000        0.000        3968351                     332229                      0                           0                           
GPU 4           71.197            0.000        0.000        0.000        5051987                     4356728                     0                           0                           
GPU 5           72.983            0.000        0.000        0.000        3807613                     3257346                     0                           0                           
GPU 6           73.051            0.000        0.000        0.000        3713954                     3172408                     0                           0                           
GPU 7           72.612            0.000        0.000        0.000        2416593                     2020621                     0                           0                           
GPU 0           454.657           0.727        0.084        0.491        17523092                    81473794                    0                           0                           
GPU 1           72.168            0.000        0.000        0.000        528752                      4038196                     0                           0                           
GPU 2           70.916            0.000        0.000        0.000        726081                      490247                      0                           0                           
GPU 3           70.883            0.000        0.000        0.000        524545                      3726925                     0                           0                           
GPU 4           71.172            0.000        0.000        0.000        1230150                     929997                      0                           0                           
GPU 5           72.891            0.000        0.000        0.000        1917021                     1529738                     0                           0                           
GPU 6           73.041            0.000        0.000        0.000        2789074                     2312158                     0                           0                           
GPU 7           72.647            0.000        0.000        0.000        4200442                     3586829                     0                           0                           
GPU 0           454.657           0.730        0.084        0.496        17523092                    85171291                    0                           0                           
GPU 1           72.168            0.000        0.000        0.000        3423149                     4038196                     0                           0                           
GPU 2           70.944            0.000        0.000        0.000        726081                      3873817                     0                           0                           
GPU 3           70.883            0.000        0.000        0.000        4363970                     2456685                     0                           0                           
GPU 4           71.210            0.000        0.000        0.000        1230150                     929997                      0                           0                           
GPU 5           72.975            0.000        0.000        0.000        2853963                     1529738                     0                           0                           
GPU 6           73.037            0.000        0.000        0.000        2789074                     2312158                     0                           0                           
GPU 7           72.599            0.000        0.000        0.000        4200442                     319163                      0                           0                           
GPU 0           451.158           0.564        0.107        0.345        11171348                    68030225                    0                           0                           
GPU 1           72.168            0.000        0.000        0.000        601988                      402854                      0                           0                           
GPU 2           70.934            0.000        0.000        0.000        545630                      359289                      0                           0                           
GPU 3           70.904            0.000        0.000        0.000        540282                      344292                      0                           0                           
GPU 4           71.196            0.000        0.000        0.000        2299612                     1904465                     0                           0                           
GPU 5           72.965            0.000        0.000        0.000        3025220                     1395034                     0                           0                           
GPU 6           72.976            0.000        0.000        0.000        4155988                     3528659                     0                           0                           
GPU 7           72.604            0.000        0.000        0.000        4490380                     3862523                     0                           0                           
GPU 0           432.282           0.659        0.200        0.309        11379342                    56497944                    0                           0                           
GPU 1           72.127            0.000        0.000        0.000        3682866                     3098603                     0                           0                           
GPU 2           70.982            0.000        0.000        0.000        4306272                     3663764                     0                           0                           
GPU 3           70.926            0.000        0.000        0.000        4369329                     3723729                     0                           0                           
GPU 4           71.090            0.000        0.000        0.000        4300483                     3662695                     0                           0                           
GPU 5           72.893            0.000        0.000        0.000        1728332                     3849183                     0                           0                           
GPU 6           72.984            0.000        0.000        0.000        538218                      345885                      0                           0                           
GPU 7           72.654            0.000        0.000        0.000        715118                      472616                      0                           0                           
GPU 0           432.282           0.659        0.200        0.309        11379342                    56497944                    0                           0                           
GPU 1           72.127            0.000        0.000        0.000        565958                      3098603                     0                           0                           
GPU 2           70.982            0.000        0.000        0.000        4306272                     3663764                     0                           0                           
GPU 3           70.926            0.000        0.000        0.000        4369329                     282452                      0                           0                           
GPU 4           71.090            0.000        0.000        0.000        4300483                     3662695                     0                           0                           
GPU 5           72.893            0.000        0.000        0.000        4493771                     3849183                     0                           0                           
GPU 6           72.984            0.000        0.000        0.000        538218                      345885                      0                           0                           
GPU 7           72.654            0.000        0.000        0.000        715118                      3727970                     0                           0                           
GPU 0           425.483           0.674        0.072        0.458        11685470                    72969866                    0                           0                           
GPU 1           72.141            0.000        0.000        0.000        4378245                     3719019                     0                           0                           
GPU 2           70.823            0.000        0.000        0.000        4559951                     3914967                     0                           0                           
GPU 3           70.859            0.000        0.000        0.000        4676029                     4044558                     0                           0                           
GPU 4           71.121            0.000        0.000        0.000        4428439                     3798966                     0                           0                           
GPU 5           72.944            0.000        0.000        0.000        3748650                     3183849                     0                           0                           
GPU 6           73.014            0.000        0.000        0.000        3085630                     2602318                     0                           0                           
GPU 7           72.626            0.000        0.000        0.000        2200297                     1572493                     0                           0                           
GPU 0           420.517           0.657        0.072        0.448        15726328                    75406200                    0                           0                           
GPU 1           72.159            0.000        0.000        0.000        524553                      325422                      0                           0                           
GPU 2           70.893            0.000        0.000        0.000        781931                      540823                      0                           0                           
GPU 3           70.793            0.000        0.000        0.000        776129                      522485                      0                           0                           
GPU 4           71.066            0.000        0.000        0.000        1236337                     941426                      0                           0                           
GPU 5           72.950            0.000        0.000        0.000        1908662                     1525567                     0                           0                           
GPU 6           73.061            0.000        0.000        0.000        2476812                     2048637                     0                           0                           
GPU 7           72.641            0.000        0.000        0.000        4209503                     1821875                     0                           0                           
GPU 0           420.517           0.657        0.072        0.448        15726328                    75406200                    0                           0                           
GPU 1           72.159            0.000        0.000        0.000        2995849                     325422                      0                           0                           
GPU 2           70.893            0.000        0.000        0.000        781931                      540823                      0                           0                           
GPU 3           70.793            0.000        0.000        0.000        776129                      3463387                     0                           0                           
GPU 4           71.066            0.000        0.000        0.000        1236337                     941426                      0                           0                           
GPU 5           72.950            0.000        0.000        0.000        1908662                     1525567                     0                           0                           
GPU 6           73.061            0.000        0.000        0.000        2476812                     2048637                     0                           0                           
GPU 7           72.641            0.000        0.000        0.000        4209503                     3590628                     0                           0                           
GPU 0           406.344           0.643        0.071        0.436        8046119                     72360492                    0                           0                           
GPU 1           72.155            0.000        0.000        0.000        1244293                     2485523                     0                           0                           
GPU 2           70.935            0.000        0.000        0.000        2951134                     2460617                     0                           0                           
GPU 3           70.818            0.000        0.000        0.000        2665461                     2197346                     0                           0                           
GPU 4           71.131            0.000        0.000        0.000        2250646                     1832819                     0                           0                           
GPU 5           72.874            0.000        0.000        0.000        2852167                     2389994                     0                           0                           
GPU 6           72.981            0.000        0.000        0.000        4245554                     1840967                     0                           0                           
GPU 7           72.599            0.000        0.000        0.000        445460                      253459                      0                           0                           
#Entity         POWER             SMACT        TENSO        DRAMA        PCITX                       PCIRX                       NVLTX                       NVLRX                       
ID               W                                                                                                                                                                       
GPU 0           410.935           0.573        0.164        0.284        14413617                    57343596                    0                           0                           
GPU 1           72.032            0.000        0.000        0.000        4371175                     974706                      0                           0                           
GPU 2           70.906            0.000        0.000        0.000        585658                      400265                      0                           0                           
GPU 3           70.867            0.000        0.000        0.000        1714639                     1392882                     0                           0                           
GPU 4           71.091            0.000        0.000        0.000        2304854                     1913375                     0                           0                           
GPU 5           72.918            0.000        0.000        0.000        4191521                     3542721                     0                           0                           
GPU 6           72.964            0.000        0.000        0.000        446892                      3618757                     0                           0                           
GPU 7           72.585            0.000        0.000        0.000        4940381                     4269048                     0                           0                           
GPU 0           460.512           0.651        0.100        0.432        13845386                    72835600                    0                           0                           
GPU 1           72.083            0.000        0.000        0.000        541857                      3712749                     0                           0                           
GPU 2           70.900            0.000        0.000        0.000        4348610                     3717723                     0                           0                           
GPU 3           70.887            0.000        0.000        0.000        4337725                     3694847                     0                           0                           
GPU 4           71.117            0.000        0.000        0.000        4268816                     3630013                     0                           0                           
GPU 5           72.902            0.000        0.000        0.000        554445                      356878                      0                           0                           
GPU 6           72.915            0.000        0.000        0.000        4960114                     253461                      0                           0                           
GPU 7           72.623            0.000        0.000        0.000        710359                      468331                      0                           0                           
GPU 0           373.417           0.769        0.080        0.556        11568538                    82081949                    0                           0                           
GPU 1           72.174            0.000        0.000        0.000        4379030                     340102                      0                           0                           
GPU 2           70.915            0.000        0.000        0.000        505200                      317584                      0                           0                           
GPU 3           70.921            0.000        0.000        0.000        1339883                     1028695                     0                           0                           
GPU 4           71.380            0.000        0.000        0.000        475479                      286335                      0                           0                           
GPU 5           72.892            0.000        0.000        0.000        1993949                     3859324                     0                           0                           
GPU 6           72.923            0.000        0.000        0.000        1075577                     795394                      0                           0                           
GPU 7           72.474            0.000        0.000        0.000        4302252                     1784458                     0                           0                           
GPU 0           423.554           0.480        0.090        0.308        10411146                    58366750                    0                           0                           
GPU 1           72.091            0.000        0.000        0.000        531361                      3724036                     0                           0                           
GPU 2           70.732            0.000        0.000        0.000        4627542                     3979865                     0                           0                           
GPU 3           70.770            0.000        0.000        0.000        3856659                     3289828                     0                           0                           
GPU 4           71.397            0.000        0.000        0.000        5034737                     4337198                     0                           0                           
GPU 5           72.834            0.000        0.000        0.000        1696348                     1603544                     0                           0                           
GPU 6           72.876            0.000        0.000        0.000        3713320                     3156060                     0                           0                           
GPU 7           72.484            0.000        0.000        0.000        2191171                     1715750                     0                           0                           
GPU 0           466.319           0.635        0.140        0.373        18873825                    71890679                    0                           0                           
GPU 1           72.102            0.000        0.000        0.000        4457489                     332231                      0                           0                           
GPU 2           70.800            0.000        0.000        0.000        1160828                     870402                      0                           0                           
GPU 3           70.698            0.000        0.000        0.000        3677901                     3109752                     0                           0                           
GPU 4           71.317            0.000        0.000        0.000        1010153                     735451                      0                           0                           
GPU 5           72.857            0.000        0.000        0.000        4499401                     1355192                     0                           0                           
GPU 6           72.889            0.000        0.000        0.000        2656618                     2196855                     0                           0                           
GPU 7           72.544            0.000        0.000        0.000        2077420                     3595455                     0                           0                           
GPU 0           468.182           0.760        0.150        0.543        15336214                    93501912                    0                           0                           
GPU 1           72.057            0.000        0.000        0.000        700760                      3806631                     0                           0                           
GPU 2           70.839            0.000        0.000        0.000        3158916                     3694648                     0                           0                           
GPU 3           70.816            0.000        0.000        0.000        540959                      3699565                     0                           0                           
GPU 4           71.341            0.000        0.000        0.000        3960129                     1739917                     0                           0                           
GPU 5           72.798            0.000        0.000        0.000        724798                      475922                      0                           0                           
GPU 6           72.909            0.000        0.000        0.000        1982724                     1633345                     0                           0                           
GPU 7           72.399            0.000        0.000        0.000        504680                      317587                      0                           0                           
GPU 0           488.838           0.732        0.155        0.441        12484047                    87581450                    0                           0                           
GPU 1           72.008            0.000        0.000        0.000        4906185                     475431                      0                           0                           
GPU 2           70.846            0.000        0.000        0.000        546206                      2649088                     0                           0                           
GPU 3           70.870            0.000        0.000        0.000        4348731                     330150                      0                           0                           
GPU 4           71.288            0.000        0.000        0.000        2138211                     1891940                     0                           0                           
GPU 5           72.845            0.000        0.000        0.000        3968472                     3374826                     0                           0                           
GPU 6           72.856            0.000        0.000        0.000        4180058                     3546970                     0                           0                           
GPU 7           72.440            0.000        0.000        0.000        4509012                     3883284                     0                           0                           
GPU 0           499.207           0.734        0.092        0.437        18326702                    85986206                    0                           0                           
GPU 1           72.105            0.000        0.000        0.000        3568221                     4214451                     0                           0                           
GPU 2           70.859            0.000        0.000        0.000        4349798                     357538                      0                           0                           
GPU 3           70.812            0.000        0.000        0.000        527716                      3982348                     0                           0                           
GPU 4           71.305            0.000        0.000        0.000        2286574                     3624375                     0                           0                           
GPU 5           72.753            0.000        0.000        0.000        1783625                     1420135                     0                           0                           
GPU 6           72.804            0.000        0.000        0.000        539807                      346419                      0                           0                           
GPU 7           72.439            0.000        0.000        0.000        220587                      35255                       0                           0                           
GPU 0           444.531           0.769        0.122        0.537        11342168                    94092599                    0                           0                           
GPU 1           72.078            0.000        0.000        0.000        3728023                     3001829                     0                           0                           
GPU 2           70.807            0.000        0.000        0.000        509399                      3713651                     0                           0                           
GPU 3           70.814            0.000        0.000        0.000        4630089                     2325146                     0                           0                           
GPU 4           71.385            0.000        0.000        0.000        4266344                     287293                      0                           0                           
GPU 5           72.803            0.000        0.000        0.000        3152655                     2420632                     0                           0                           
GPU 6           72.889            0.000        0.000        0.000        676501                      3894184                     0                           0                           
GPU 7           72.452            0.000        0.000        0.000        1233961                     4254373                     0                           0                           
GPU 0           470.691           0.679        0.113        0.441        16676905                    92089280                    0                           0                           
GPU 1           72.061            0.000        0.000        0.000        527167                      332754                      0                           0                           
GPU 2           70.797            0.000        0.000        0.000        4650139                     4007620                     0                           0                           
GPU 3           70.724            0.000        0.000        0.000        556646                      363916                      0                           0                           
GPU 4           71.277            0.000        0.000        0.000        5063560                     4367728                     0                           0                           
GPU 5           72.826            0.000        0.000        0.000        2915238                     1530914                     0                           0                           
GPU 6           72.820            0.000        0.000        0.000        4376714                     3771262                     0                           0                           
GPU 7           72.372            0.000        0.000        0.000        3694670                     933331                      0                           0                           
GPU 0           461.769           0.731        0.091        0.507        15100191                    90669258                    0                           0                           
GPU 1           72.098            0.000        0.000        0.000        4658316                     3997034                     0                           0                           
GPU 2           70.787            0.000        0.000        0.000        1859694                     1495736                     0                           0                           
GPU 3           70.751            0.000        0.000        0.000        4360296                     3712696                     0                           0                           
GPU 4           71.367            0.000        0.000        0.000        1813461                     1445903                     0                           0                           
GPU 5           72.741            0.000        0.000        0.000        1877872                     3649377                     0                           0                           
GPU 6           72.863            0.000        0.000        0.000        2105910                     1714600                     0                           0                           
GPU 7           72.440            0.000        0.000        0.000        2264496                     3161287                     0                           0                           
GPU 0           461.769           0.731        0.091        0.507        15100191                    90669258                    0                           0                           
GPU 1           72.098            0.000        0.000        0.000        267253                      3997034                     0                           0                           
GPU 2           70.787            0.000        0.000        0.000        1859694                     1495736                     0                           0                           
GPU 3           70.751            0.000        0.000        0.000        4360296                     345880                      0                           0                           
GPU 4           71.367            0.000        0.000        0.000        1813461                     1445903                     0                           0                           
GPU 5           72.741            0.000        0.000        0.000        4297084                     3649377                     0                           0                           
GPU 6           72.863            0.000        0.000        0.000        2105910                     1714600                     0                           0                           
GPU 7           72.440            0.000        0.000        0.000        2264496                     1848092                     0                           0                           
GPU 0           440.207           0.658        0.123        0.412        15443832                    89540953                    0                           0                           
GPU 1           71.989            0.000        0.000        0.000        4720035                     71267                       0                           0                           
GPU 2           70.807            0.000        0.000        0.000        3654983                     3090729                     0                           0                           
GPU 3           70.663            0.000        0.000        0.000        542928                      3994350                     0                           0                           
GPU 4           71.253            0.000        0.000        0.000        2465849                     2404513                     0                           0                           
GPU 5           72.737            0.000        0.000        0.000        893486                      3757338                     0                           0                           
GPU 6           72.756            0.000        0.000        0.000        4254690                     1873567                     0                           0                           
GPU 7           72.404            0.000        0.000        0.000        2208433                     1826909                     0                           0                           
GPU 0           454.410           0.724        0.088        0.511        16250365                    88650244                    0                           0                           
GPU 1           72.052            0.000        0.000        0.000        3201080                     4058696                     0                           0                           
GPU 2           70.736            0.000        0.000        0.000        542130                      352297                      0                           0                           
GPU 3           70.652            0.000        0.000        0.000        4648285                     1863475                     0                           0                           
GPU 4           71.295            0.000        0.000        0.000        2316684                     2026754                     0                           0                           
GPU 5           72.738            0.000        0.000        0.000        4396080                     1597053                     0                           0                           
GPU 6           72.808            0.000        0.000        0.000        421442                      3628461                     0                           0                           
GPU 7           72.403            0.000        0.000        0.000        4200971                     3574704                     0                           0                           
#Entity         POWER             SMACT        TENSO        DRAMA        PCITX                       PCIRX                       NVLTX                       NVLRX                       
ID               W                                                                                                                                                                       
GPU 0           511.679           0.730        0.155        0.425        12031408                    87667394                    0                           0                           
GPU 1           72.017            0.000        0.000        0.000        561304                      2674429                     0                           0                           
GPU 2           70.656            0.000        0.000        0.000        4334087                     3692097                     0                           0                           
GPU 3           70.800            0.000        0.000        0.000        2292010                     1595642                     0                           0                           
GPU 4           71.244            0.000        0.000        0.000        4262678                     3622805                     0                           0                           
GPU 5           72.718            0.000        0.000        0.000        1990471                     1869686                     0                           0                           
GPU 6           72.790            0.000        0.000        0.000        5626014                     230155                      0                           0                           
GPU 7           72.379            0.000        0.000        0.000        4301244                     609138                      0                           0                           
GPU 0           458.147           0.708        0.089        0.419        18026601                    87066039                    0                           0                           
GPU 1           72.006            0.000        0.000        0.000        4320947                     366245                      0                           0                           
GPU 2           70.755            0.000        0.000        0.000        504155                      322302                      0                           0                           
GPU 3           70.684            0.000        0.000        0.000        1932241                     3557369                     0                           0                           
GPU 4           71.234            0.000        0.000        0.000        480724                      291578                      0                           0                           
GPU 5           72.711            0.000        0.000        0.000        2264269                     3465265                     0                           0                           
GPU 6           72.699            0.000        0.000        0.000        709418                      4883784                     0                           0                           
GPU 7           72.313            0.000        0.000        0.000        1206336                     3699175                     0                           0                           
GPU 0           488.380           0.695        0.123        0.447        12545274                    90234235                    0                           0                           
GPU 1           72.059            0.000        0.000        0.000        524549                      323847                      0                           0                           
GPU 2           70.687            0.000        0.000        0.000        2526173                     2082998                     0                           0                           
GPU 3           70.586            0.000        0.000        0.000        516706                      320190                      0                           0                           
GPU 4           71.231            0.000        0.000        0.000        1715471                     1359799                     0                           0                           
GPU 5           72.779            0.000        0.000        0.000        4112841                     633302                      0                           0                           
GPU 6           72.786            0.000        0.000        0.000        4242794                     1589166                     0                           0                           
GPU 7           72.392            0.000        0.000        0.000        2299596                     906181                      0                           0                           
GPU 0           449.931           0.721        0.149        0.432        17059014                    88859323                    0                           0                           
GPU 1           71.928            0.000        0.000        0.000        4707564                     4042542                     0                           0                           
GPU 2           70.717            0.000        0.000        0.000        1528806                     1231781                     0                           0                           
GPU 3           70.637            0.000        0.000        0.000        4388243                     3742636                     0                           0                           
GPU 4           71.302            0.000        0.000        0.000        2537642                     2117225                     0                           0                           
GPU 5           72.605            0.000        0.000        0.000        4402915                     3767689                     0                           0                           
GPU 6           72.808            0.000        0.000        0.000        1970936                     1834289                     0                           0                           
GPU 7           72.360            0.000        0.000        0.000        2194798                     1812752                     0                           0                           
GPU 0           441.715           0.713        0.098        0.491        16932293                    91724888                    0                           0                           
GPU 1           71.982            0.000        0.000        0.000        733633                      479719                      0                           0                           
GPU 2           70.740            0.000        0.000        0.000        3942996                     3337921                     0                           0                           
GPU 3           70.681            0.000        0.000        0.000        489445                      283501                      0                           0                           
GPU 4           71.168            0.000        0.000        0.000        4273819                     3627636                     0                           0                           
GPU 5           72.736            0.000        0.000        0.000        1255708                     944639                      0                           0                           
GPU 6           72.752            0.000        0.000        0.000        2224206                     3654868                     0                           0                           
GPU 7           72.303            0.000        0.000        0.000        4239053                     3629057                     0                           0                           
GPU 0           502.702           0.766        0.185        0.425        15990781                    84050907                    0                           0                           
GPU 1           71.843            0.000        0.000        0.000        3106172                     2580806                     0                           0                           
GPU 2           70.692            0.000        0.000        0.000        548524                      364518                      0                           0                           
GPU 3           70.545            0.000        0.000        0.000        2884689                     2393135                     0                           0                           
GPU 4           71.155            0.000        0.000        0.000        508885                      324931                      0                           0                           
GPU 5           72.649            0.000        0.000        0.000        2719134                     2237997                     0                           0                           
GPU 6           72.719            0.000        0.000        0.000        823211                      579715                      0                           0                           
GPU 7           72.300            0.000        0.000        0.000        435420                      238018                      0                           0                           
GPU 0           473.768           0.733        0.098        0.505        13752406                    88631160                    0                           0                           
GPU 1           71.895            0.000        0.000        0.000        532918                      338510                      0                           0                           
GPU 2           70.617            0.000        0.000        0.000        4200711                     3559809                     0                           0                           
GPU 3           70.502            0.000        0.000        0.000        549516                      352179                      0                           0                           
GPU 4           71.235            0.000        0.000        0.000        4383200                     3733895                     0                           0                           
GPU 5           72.615            0.000        0.000        0.000        1675796                     1337807                     0                           0                           
GPU 6           72.760            0.000        0.000        0.000        4232685                     3624855                     0                           0                           
GPU 7           72.220            0.000        0.000        0.000        5379538                     4641915                     0                           0                           
GPU 0           453.282           0.766        0.075        0.560        18380329                    90724500                    0                           0                           
GPU 1           71.911            0.000        0.000        0.000        4585901                     3924110                     0                           0                           
GPU 2           70.660            0.000        0.000        0.000        516730                      324921                      0                           0                           
GPU 3           70.504            0.000        0.000        0.000        4296162                     3651580                     0                           0                           
GPU 4           71.214            0.000        0.000        0.000        254417                      65271                       0                           0                           
GPU 5           72.681            0.000        0.000        0.000        4225766                     3583831                     0                           0                           
GPU 6           72.703            0.000        0.000        0.000        1229679                     928572                      0                           0                           
GPU 7           72.297            0.000        0.000        0.000        704173                      462143                      0                           0                           
