#Entity         POWER             SMACT        TENSO        DRAMA        PCITX                       PCIRX                       NVLTX                       NVLRX                       
ID               W                                                                                                                                                                       
GPU 0           162.913           0.500        0.052        0.313        2330663304                  2219376800                  1576924181                  1576923599                  
GPU 1           165.900           0.531        0.057        0.329        2958657752                  2801879081                  2035069649                  2035068484                  
GPU 2           71.362            0.000        0.000        0.000        450713                      256325                      0                           0                           
GPU 3           71.534            0.000        0.000        0.000        3896266                     3281743                     0                           0                           
GPU 4           71.582            0.000        0.000        0.000        1167380                     880448                      0                           0                           
GPU 5           73.750            0.000        0.000        0.000        2258643                     1827019                     0                           0                           
GPU 6           73.468            0.000        0.000        0.000        2091999                     1692816                     0                           0                           
GPU 7           73.194            0.000        0.000        0.000        2243044                     1857324                     0                           0                           
GPU 0           108.121           0.003        0.000        0.002        6597168                     6711556                     1956303                     1955995                     
GPU 1           108.744           0.061        0.005        0.040        162886421                   160094590                   107430589                   107431113                   
GPU 2           71.253            0.000        0.000        0.000        3101072                     2603909                     0                           0                           
GPU 3           71.457            0.000        0.000        0.000        517751                      312328                      0                           0                           
GPU 4           71.535            0.000        0.000        0.000        2829161                     2361419                     0                           0                           
GPU 5           73.788            0.000        0.000        0.000        2040000                     1653152                     0                           0                           
GPU 6           73.589            0.000        0.000        0.000        2176841                     1787483                     0                           0                           
GPU 7           73.220            0.000        0.000        0.000        2531889                     2093560                     0                           0                           
GPU 0           108.121           0.003        0.000        0.002        6597168                     6711556                     1956303                     1955995                     
GPU 1           108.744           0.061        0.005        0.040        5952070                     160094590                   107430589                   107431113                   
GPU 2           71.253            0.000        0.000        0.000        3101072                     2603909                     0                           0                           
GPU 3           71.457            0.000        0.000        0.000        517751                      4724058                     0                           0                           
GPU 4           71.535            0.000        0.000        0.000        2829161                     2361419                     0                           0                           
GPU 5           73.788            0.000        0.000        0.000        2040000                     1653152                     0                           0                           
GPU 6           73.589            0.000        0.000        0.000        2176841                     1787483                     0                           0                           
GPU 7           73.220            0.000        0.000        0.000        2531889                     2093560                     0                           0                           
GPU 0           107.625           0.000        0.000        0.000        5763386                     5043132                     0                           0                           
GPU 1           108.232           0.000        0.000        0.000        4771259                     5048213                     0                           0                           
GPU 2           71.296            0.000        0.000        0.000        6328692                     5673432                     0                           0                           
GPU 3           71.474            0.000        0.000        0.000        5510131                     6515985                     0                           0                           
GPU 4           71.557            0.000        0.000        0.000        6412931                     5571075                     0                           0                           
GPU 5           73.759            0.000        0.000        0.000        5670106                     5569803                     0                           0                           
GPU 6           73.580            0.000        0.000        0.000        6432754                     5588044                     0                           0                           
GPU 7           73.229            0.000        0.000        0.000        6726839                     4070797                     0                           0                           
GPU 0           107.103           0.000        0.000        0.000        7822581                     4885811                     0                           0                           
GPU 1           107.987           0.000        0.000        0.000        6500668                     4031777                     0                           0                           
GPU 2           71.241            0.000        0.000        0.000        6412396                     5485016                     0                           0                           
GPU 3           71.474            0.000        0.000        0.000        7495741                     4524234                     0                           0                           
GPU 4           71.519            0.000        0.000        0.000        6412931                     5014782                     0                           0                           
GPU 5           73.764            0.000        0.000        0.000        6415754                     5187821                     0                           0                           
GPU 6           73.580            0.000        0.000        0.000        6105307                     5588044                     0                           0                           
GPU 7           73.210            0.000        0.000        0.000        6533581                     5868409                     0                           0                           
GPU 0           106.321           0.000        0.000        0.000        560839                      353509                      0                           0                           
GPU 1           107.794           0.000        0.000        0.000        5239578                     4372102                     0                           0                           
GPU 2           71.127            0.000        0.000        0.000        546620                      354805                      0                           0                           
GPU 3           71.406            0.000        0.000        0.000        578018                      371021                      0                           0                           
GPU 4           71.523            0.000        0.000        0.000        2239852                     1846555                     0                           0                           
GPU 5           73.733            0.000        0.000        0.000        3022671                     2520154                     0                           0                           
GPU 6           73.567            0.000        0.000        0.000        6084592                     5241344                     0                           0                           
GPU 7           73.199            0.000        0.000        0.000        5342753                     4603924                     0                           0                           
GPU 0           106.321           0.000        0.000        0.000        3333542                     353509                      0                           0                           
GPU 1           107.514           0.000        0.000        0.000        280937                      4372102                     0                           0                           
GPU 2           71.127            0.000        0.000        0.000        4493932                     354805                      0                           0                           
GPU 3           71.406            0.000        0.000        0.000        578018                      371021                      0                           0                           
GPU 4           71.523            0.000        0.000        0.000        2239852                     3186257                     0                           0                           
GPU 5           73.733            0.000        0.000        0.000        3022671                     2117188                     0                           0                           
GPU 6           73.567            0.000        0.000        0.000        721309                      5241344                     0                           0                           
GPU 7           73.199            0.000        0.000        0.000        1510799                     4603924                     0                           0                           
GPU 0           105.961           0.000        0.000        0.000        4639846                     2742135                     0                           0                           
GPU 1           107.276           0.000        0.000        0.000        5693416                     4818830                     0                           0                           
GPU 2           71.179            0.000        0.000        0.000        4385450                     3842508                     0                           0                           
GPU 3           71.411            0.000        0.000        0.000        4567801                     3916969                     0                           0                           
GPU 4           71.528            0.000        0.000        0.000        3760534                     4207042                     0                           0                           
GPU 5           73.680            0.000        0.000        0.000        2585171                     5395303                     0                           0                           
GPU 6           73.554            0.000        0.000        0.000        5591064                     4820244                     0                           0                           
GPU 7           73.195            0.000        0.000        0.000        5590002                     4846493                     0                           0                           
GPU 0           105.723           0.000        0.000        0.000        3939952                     3901384                     0                           0                           
GPU 1           107.018           0.000        0.000        0.000        3877055                     3215068                     0                           0                           
GPU 2           71.182            0.000        0.000        0.000        4475650                     3758134                     0                           0                           
GPU 3           71.247            0.000        0.000        0.000        4476241                     3816121                     0                           0                           
GPU 4           71.515            0.000        0.000        0.000        4910225                     3709572                     0                           0                           
GPU 5           73.661            0.000        0.000        0.000        6231720                     3691549                     0                           0                           
GPU 6           73.524            0.000        0.000        0.000        4716394                     1513394                     0                           0                           
GPU 7           73.221            0.000        0.000        0.000        4174687                     3549480                     0                           0                           
GPU 0           105.396           0.000        0.000        0.000        460773                      3272723                     0                           0                           
GPU 1           106.787           0.000        0.000        0.000        504226                      298237                      0                           0                           
GPU 2           71.114            0.000        0.000        0.000        2254444                     3825266                     0                           0                           
GPU 3           71.212            0.000        0.000        0.000        2913539                     2442993                     0                           0                           
GPU 4           71.528            0.000        0.000        0.000        4323951                     1629422                     0                           0                           
GPU 5           73.659            0.000        0.000        0.000        4348733                     466399                      0                           0                           
GPU 6           73.494            0.000        0.000        0.000        1862773                     3490597                     0                           0                           
GPU 7           73.191            0.000        0.000        0.000        2116776                     1743104                     0                           0                           
GPU 0           105.302           0.000        0.000        0.000        4612392                     250161                      0                           0                           
GPU 1           106.679           0.000        0.000        0.000        4132389                     3453616                     0                           0                           
GPU 2           71.171            0.000        0.000        0.000        2475451                     1839954                     0                           0                           
GPU 3           71.343            0.000        0.000        0.000        4233125                     3590218                     0                           0                           
GPU 4           71.519            0.000        0.000        0.000        2026842                     2043868                     0                           0                           
GPU 5           73.653            0.000        0.000        0.000        711827                      4075934                     0                           0                           
GPU 6           73.536            0.000        0.000        0.000        4118391                     268324                      0                           0                           
GPU 7           73.207            0.000        0.000        0.000        4353534                     3725237                     0                           0                           
GPU 0           257.784           0.000        0.080        0.000        8419842026                  3868702                     0                           0                           
GPU 1           275.791           0.269        0.070        0.108        7340656070                  6797833914                  433357286                   433356762                   
GPU 2           71.144            0.000        0.000        0.000        3836710                     2058508                     0                           0                           
GPU 3           71.184            0.000        0.000        0.000        522989                      321759                      0                           0                           
GPU 4           71.587            0.000        0.000        0.000        2465452                     2453633                     0                           0                           
GPU 5           73.793            0.000        0.000        0.000        4772944                     1228894                     0                           0                           
GPU 6           73.457            0.000        0.000        0.000        462754                      3766704                     0                           0                           
GPU 7           73.105            0.000        0.000        0.000        204388                      20010                       0                           0                           
GPU 0           282.291           0.302        0.110        0.116        10497438757                 7797294433                  393931208                   393931684                   
GPU 1           296.508           0.310        0.107        0.099        10570290995                 9765120089                  1203894                     1203370                     
GPU 2           71.291            0.000        0.000        0.000        539806                      3235929                     0                           0                           
GPU 3           71.287            0.000        0.000        0.000        4246573                     3599501                     0                           0                           
GPU 4           71.625            0.000        0.000        0.000        2954107                     1359992                     0                           0                           
GPU 5           73.672            0.000        0.000        0.000        1583500                     2905919                     0                           0                           
GPU 6           73.361            0.000        0.000        0.000        4398680                     39068                       0                           0                           
GPU 7           73.128            0.000        0.000        0.000        4808748                     4118706                     0                           0                           
GPU 0           314.883           0.346        0.154        0.092        9756968206                  9012748168                  0                           0                           
GPU 1           334.380           0.345        0.151        0.093        9826359141                  9074243451                  0                           0                           
GPU 2           71.039            0.000        0.000        0.000        4357570                     353465                      0                           0                           
GPU 3           71.312            0.000        0.000        0.000        498878                      298174                      0                           0                           
GPU 4           71.636            0.000        0.000        0.000        1689639                     3660563                     0                           0                           
GPU 5           73.733            0.000        0.000        0.000        2405422                     1966961                     0                           0                           
GPU 6           73.430            0.000        0.000        0.000        220591                      4271089                     0                           0                           
GPU 7           73.122            0.000        0.000        0.000        717020                      478807                      0                           0                           
GPU 0           325.308           0.405        0.112        0.171        6638418233                  6165814890                  960196657                   960196075                   
GPU 1           329.411           0.390        0.127        0.147        7525281357                  2005323049                  670205663                   670206187                   
GPU 2           71.427            0.000        0.000        0.000        512542                      3722484                     0                           0                           
GPU 3           71.333            0.000        0.000        0.000        4654068                     4002677                     0                           0                           
GPU 4           71.613            0.000        0.000        0.000        438918                      248939                      0                           0                           
GPU 5           73.752            0.000        0.000        0.000        2104956                     1723560                     0                           0                           
GPU 6           73.587            0.000        0.000        0.000        4957608                     1293965                     0                           0                           
GPU 7           73.289            0.000        0.000        0.000        4307408                     3697721                     0                           0                           
#Entity         POWER             SMACT        TENSO        DRAMA        PCITX                       PCIRX                       NVLTX                       NVLRX                       
ID               W                                                                                                                                                                       
GPU 0           329.536           0.501        0.058        0.292        2121902079                  2022885537                  2354504180                  2354504180                  
GPU 1           333.553           0.501        0.056        0.288        2103242865                  2002427262                  2379102959                  2379102959                  
GPU 2           71.283            0.000        0.000        0.000        4396716                     327545                      0                           0                           
GPU 3           71.242            0.000        0.000        0.000        749700                      496783                      0                           0                           
GPU 4           71.626            0.000        0.000        0.000        5622400                     4853357                     0                           0                           
GPU 5           73.796            0.000        0.000        0.000        4161119                     3522277                     0                           0                           
GPU 6           73.439            0.000        0.000        0.000        1632414                     2938603                     0                           0                           
GPU 7           73.299            0.000        0.000        0.000        1661866                     1320824                     0                           0                           
GPU 0           323.547           0.505        0.058        0.297        2071799243                  1976279704                  2339935530                  2339935530                  
GPU 1           337.131           0.503        0.056        0.292        2096451156                  1899231921                  2326715756                  2326715756                  
GPU 2           71.320            0.000        0.000        0.000        437367                      3763148                     0                           0                           
GPU 3           71.330            0.000        0.000        0.000        4522714                     3894332                     0                           0                           
GPU 4           71.607            0.000        0.000        0.000        1120210                     829349                      0                           0                           
GPU 5           73.712            0.000        0.000        0.000        597409                      379931                      0                           0                           
GPU 6           73.367            0.000        0.000        0.000        3449437                     1801735                     0                           0                           
GPU 7           73.145            0.000        0.000        0.000        3201952                     2720319                     0                           0                           
GPU 0           326.096           0.492        0.057        0.284        2021600391                  1929723875                  2351006634                  2351007158                  
GPU 1           327.351           0.486        0.055        0.281        1988521791                  1999198678                  2361504126                  2361503602                  
GPU 2           71.308            0.000        0.000        0.000        4970752                     243458                      0                           0                           
GPU 3           71.273            0.000        0.000        0.000        1755027                     1383918                     0                           0                           
GPU 4           71.646            0.000        0.000        0.000        4127730                     3520460                     0                           0                           
GPU 5           73.550            0.000        0.000        0.000        4413175                     3758615                     0                           0                           
GPU 6           73.475            0.000        0.000        0.000        2212866                     1999630                     0                           0                           
GPU 7           73.044            0.000        0.000        0.000        2412538                     1993330                     0                           0                           
GPU 0           282.763           0.505        0.059        0.296        2058844930                  1964662292                  2348071362                  2348071362                  
GPU 1           329.184           0.502        0.056        0.291        2093206800                  6950011543                  2338676673                  2338677721                  
GPU 2           71.186            0.000        0.000        0.000        1202564                     4276035                     0                           0                           
GPU 3           71.117            0.000        0.000        0.000        3115238                     2633284                     0                           0                           
GPU 4           71.562            0.000        0.000        0.000        1221313                     926940                      0                           0                           
GPU 5           73.314            0.000        0.000        0.000        216287                      20961                       0                           0                           
GPU 6           73.362            0.000        0.000        0.000        2400255                     2215300                     0                           0                           
GPU 7           73.250            0.000        0.000        0.000        2158183                     1772980                     0                           0                           
GPU 0           284.709           0.381        0.085        0.170        8149911296                  5736659747                  951754921                   951754397                   
GPU 1           277.646           0.331        0.081        0.141        7501271116                  6667899621                  1135991674                  1135991150                  
GPU 2           71.127            0.000        0.000        0.000        3689532                     3127600                     0                           0                           
GPU 3           71.162            0.000        0.000        0.000        581686                      2944654                     0                           0                           
GPU 4           71.563            0.000        0.000        0.000        3752849                     3201919                     0                           0                           
GPU 5           73.455            0.000        0.000        0.000        4951858                     4245531                     0                           0                           
GPU 6           73.254            0.000        0.000        0.000        2660665                     1649302                     0                           0                           
GPU 7           73.100            0.000        0.000        0.000        4088803                     3464635                     0                           0                           
GPU 0           323.682           0.508        0.076        0.291        6170402352                  2017162116                  1704040877                  1704041314                  
GPU 1           315.324           0.333        0.054        0.273        7185444929                  2444808612                  1478336643                  1478336643                  
GPU 2           71.196            0.000        0.000        0.000        2772668                     2296741                     0                           0                           
GPU 3           71.151            0.000        0.000        0.000        4194559                     391066                      0                           0                           
GPU 4           71.461            0.000        0.000        0.000        2307181                     1884142                     0                           0                           
GPU 5           73.533            0.000        0.000        0.000        1143662                     846720                      0                           0                           
GPU 6           73.463            0.000        0.000        0.000        2011971                     3502929                     0                           0                           
GPU 7           73.036            0.000        0.000        0.000        455952                      264225                      0                           0                           
GPU 0           326.758           0.510        0.055        0.297        2114880087                  2022509250                  2415480579                  2415479996                  
GPU 1           331.244           0.493        0.054        0.291        2578923166                  1990228401                  2308653016                  2308652492                  
GPU 2           71.239            0.000        0.000        0.000        1847169                     1502427                     0                           0                           
GPU 3           71.173            0.000        0.000        0.000        520363                      3536866                     0                           0                           
GPU 4           71.512            0.000        0.000        0.000        2344943                     1946646                     0                           0                           
GPU 5           73.539            0.000        0.000        0.000        4063304                     3454103                     0                           0                           
GPU 6           73.380            0.000        0.000        0.000        4131297                     235836                      0                           0                           
GPU 7           73.068            0.000        0.000        0.000        5367014                     4620886                     0                           0                           
GPU 0           326.996           0.507        0.056        0.291        2121547085                  1895219778                  2494230336                  2494228589                  
GPU 1           335.770           0.510        0.054        0.284        2085111442                  1908598283                  2491399526                  2491398944                  
GPU 2           71.154            0.000        0.000        0.000        3808650                     3201667                     0                           0                           
GPU 3           71.130            0.000        0.000        0.000        4509680                     320183                      0                           0                           
GPU 4           71.554            0.000        0.000        0.000        4165318                     3521235                     0                           0                           
GPU 5           73.451            0.000        0.000        0.000        2094249                     2042101                     0                           0                           
GPU 6           73.286            0.000        0.000        0.000        432127                      4208322                     0                           0                           
GPU 7           73.071            0.000        0.000        0.000        662960                      3641692                     0                           0                           
GPU 0           330.503           0.515        0.057        0.301        1983447927                  1989728718                  2344883618                  2344885047                  
GPU 1           335.410           0.496        0.054        0.295        1997878458                  2016960191                  2336700651                  2336701604                  
GPU 2           71.239            0.000        0.000        0.000        545620                      359865                      0                           0                           
GPU 3           71.059            0.000        0.000        0.000        733656                      3858253                     0                           0                           
GPU 4           71.443            0.000        0.000        0.000        506780                      321781                      0                           0                           
GPU 5           73.415            0.000        0.000        0.000        3043244                     1725446                     0                           0                           
GPU 6           73.328            0.000        0.000        0.000        4897190                     473015                      0                           0                           
GPU 7           73.051            0.000        0.000        0.000        4254269                     1693816                     0                           0                           
GPU 0           299.757           0.366        0.057        0.153        2086441140                  6432996783                  1374220239                  1374221287                  
GPU 1           329.794           0.511        0.065        0.193        2113416043                  4456750919                  1842162076                  1842160912                  
GPU 2           71.091            0.000        0.000        0.000        4353969                     3723066                     0                           0                           
GPU 3           71.199            0.000        0.000        0.000        4491719                     481164                      0                           0                           
GPU 4           71.318            0.000        0.000        0.000        4570835                     3929388                     0                           0                           
GPU 5           73.438            0.000        0.000        0.000        1720470                     2534377                     0                           0                           
GPU 6           73.326            0.000        0.000        0.000        715476                      3773902                     0                           0                           
GPU 7           73.009            0.000        0.000        0.000        2090743                     2310206                     0                           0                           
GPU 0           309.366           0.469        0.077        0.254        6930329539                  4259133044                  2494154150                  2494153102                  
GPU 1           293.866           0.382        0.077        0.205        4777604487                  5876402602                  2038443177                  2038443654                  
GPU 2           70.878            0.000        0.000        0.000        485031                      295878                      0                           0                           
GPU 3           71.121            0.000        0.000        0.000        1634897                     3856450                     0                           0                           
GPU 4           71.466            0.000        0.000        0.000        692729                      455943                      0                           0                           
GPU 5           73.606            0.000        0.000        0.000        4175268                     1391888                     0                           0                           
GPU 6           73.429            0.000        0.000        0.000        4383667                     1337825                     0                           0                           
GPU 7           73.130            0.000        0.000        0.000        2727563                     1572082                     0                           0                           
GPU 0           343.577           0.536        0.069        0.329        4550517690                  2941113204                  2370555217                  2370555217                  
GPU 1           346.620           0.407        0.059        0.338        6313802986                  3092605858                  2180245183                  2180245765                  
GPU 2           71.088            0.000        0.000        0.000        4966387                     4270546                     0                           0                           
GPU 3           71.015            0.000        0.000        0.000        3467183                     1281193                     0                           0                           
GPU 4           71.445            0.000        0.000        0.000        4316417                     3683482                     0                           0                           
GPU 5           73.503            0.000        0.000        0.000        446298                      3536506                     0                           0                           
GPU 6           73.331            0.000        0.000        0.000        1691338                     2530742                     0                           0                           
GPU 7           72.995            0.000        0.000        0.000        1942046                     2184383                     0                           0                           
GPU 0           308.413           0.420        0.060        0.175        2820127224                  2674151696                  3469608878                  3469607830                  
GPU 1           281.474           0.394        0.063        0.216        3299585465                  3112964769                  3027453365                  3027452317                  
GPU 2           71.088            0.000        0.000        0.000        1154745                     864312                      0                           0                           
GPU 3           71.176            0.000        0.000        0.000        2492510                     2041362                     0                           0                           
GPU 4           71.528            0.000        0.000        0.000        771440                      3420400                     0                           0                           
GPU 5           73.477            0.000        0.000        0.000        5643634                     4894641                     0                           0                           
GPU 6           73.408            0.000        0.000        0.000        2774769                     2300238                     0                           0                           
GPU 7           72.970            0.000        0.000        0.000        2621469                     3540971                     0                           0                           
GPU 0           276.334           0.412        0.062        0.203        2820127224                  5258787721                  1638196287                  1638197859                  
GPU 1           281.474           0.394        0.065        0.150        3299585465                  4608012643                  2264699407                  2264699407                  
GPU 2           71.087            0.000        0.000        0.000        4316628                     3719808                     0                           0                           
GPU 3           71.277            0.000        0.000        0.000        2346875                     2041362                     0                           0                           
GPU 4           71.323            0.000        0.000        0.000        3997367                     3420400                     0                           0                           
GPU 5           73.443            0.000        0.000        0.000        730325                      4894641                     0                           0                           
GPU 6           73.503            0.000        0.000        0.000        2774769                     1494778                     0                           0                           
GPU 7           73.016            0.000        0.000        0.000        4158820                     284435                      0                           0                           
#Entity         POWER             SMACT        TENSO        DRAMA        PCITX                       PCIRX                       NVLTX                       NVLRX                       
ID               W                                                                                                                                                                       
GPU 0           348.696           0.496        0.067        0.288        3672019530                  3449661848                  2169411598                  2169411073                  
GPU 1           320.710           0.539        0.058        0.335        3283276763                  3100496160                  2205109112                  2205108588                  
GPU 2           71.148            0.000        0.000        0.000        1266053                     971212                      0                           0                           
GPU 3           71.101            0.000        0.000        0.000        4319694                     3664115                     0                           0                           
GPU 4           71.503            0.000        0.000        0.000        2868448                     1549699                     0                           0                           
GPU 5           73.428            0.000        0.000        0.000        4388935                     3756620                     0                           0                           
GPU 6           73.273            0.000        0.000        0.000        4195776                     3565309                     0                           0                           
GPU 7           73.000            0.000        0.000        0.000        472629                      4272451                     0                           0                           
GPU 0           301.764           0.415        0.060        0.189        4411415179                  4200116136                  2544722356                  2544722356                  
GPU 1           288.823           0.387        0.070        0.199        4702805833                  4430161828                  2611704860                  2611704860                  
GPU 2           71.059            0.000        0.000        0.000        3864438                     3312458                     0                           0                           
GPU 3           71.024            0.000        0.000        0.000        527181                      330667                      0                           0                           
GPU 4           71.432            0.000        0.000        0.000        1875829                     3658291                     0                           0                           
GPU 5           73.541            0.000        0.000        0.000        1749799                     1379640                     0                           0                           
GPU 6           73.114            0.000        0.000        0.000        519359                      331740                      0                           0                           
GPU 7           73.027            0.000        0.000        0.000        4950174                     476431                      0                           0                           
GPU 0           277.212           0.383        0.067        0.153        5637768606                  5263202452                  2421208492                  2421209074                  
GPU 1           305.443           0.308        0.067        0.141        5246801978                  4901823674                  2161977769                  2161979516                  
GPU 2           71.223            0.000        0.000        0.000        3991311                     3397712                     0                           0                           
GPU 3           71.027            0.000        0.000        0.000        4386131                     3735286                     0                           0                           
GPU 4           71.313            0.000        0.000        0.000        4292374                     334888                      0                           0                           
GPU 5           73.470            0.000        0.000        0.000        2838754                     2371830                     0                           0                           
GPU 6           73.173            0.000        0.000        0.000        4517007                     3881901                     0                           0                           
GPU 7           72.939            0.000        0.000        0.000        718935                      3717186                     0                           0                           
GPU 0           325.346           0.517        0.075        0.306        3742328028                  3518708986                  2480512791                  2480511742                  
GPU 1           335.576           0.470        0.066        0.269        4026123429                  3778590905                  2527125988                  2527124678                  
GPU 2           71.158            0.000        0.000        0.000        549135                      360461                      0                           0                           
GPU 3           71.197            0.000        0.000        0.000        914019                      658547                      0                           0                           
GPU 4           71.386            0.000        0.000        0.000        517268                      3949485                     0                           0                           
GPU 5           73.488            0.000        0.000        0.000        3040061                     2526049                     0                           0                           
GPU 6           73.238            0.000        0.000        0.000        716572                      474062                      0                           0                           
GPU 7           73.025            0.000        0.000        0.000        4327401                     936114                      0                           0                           
GPU 0           315.591           0.435        0.065        0.215        2765931115                  2618951598                  2281179718                  2281180242                  
GPU 1           282.634           0.430        0.058        0.251        3146805073                  2969178363                  2479748621                  2479749276                  
GPU 2           71.181            0.000        0.000        0.000        4320697                     3680245                     0                           0                           
GPU 3           70.901            0.000        0.000        0.000        5043423                     4357559                     0                           0                           
GPU 4           71.434            0.000        0.000        0.000        4584065                     311114                      0                           0                           
GPU 5           73.389            0.000        0.000        0.000        1727960                     1398825                     0                           0                           
GPU 6           73.304            0.000        0.000        0.000        4374788                     3763960                     0                           0                           
GPU 7           72.918            0.000        0.000        0.000        1233860                     2849493                     0                           0                           
GPU 0           265.526           0.403        0.052        0.176        4434161420                  4149549918                  2676302821                  2676302821                  
GPU 1           298.545           0.322        0.060        0.160        3932931308                  3687125176                  2455024269                  2455024705                  
GPU 2           71.152            0.000        0.000        0.000        514150                      328616                      0                           0                           
GPU 3           71.092            0.000        0.000        0.000        738815                      483969                      0                           0                           
GPU 4           71.339            0.000        0.000        0.000        526941                      3981119                     0                           0                           
GPU 5           73.607            0.000        0.000        0.000        4294816                     3659187                     0                           0                           
GPU 6           73.587            0.000        0.000        0.000        1613279                     1268699                     0                           0                           
GPU 7           72.919            0.000        0.000        0.000        3349477                     2029541                     0                           0                           
GPU 0           299.955           0.482        0.053        0.266        2599748291                  2473282882                  2613046925                  2613046925                  
GPU 1           343.377           0.420        0.053        0.248        2327953445                  2221185639                  2769465617                  2769464962                  
GPU 2           71.238            0.000        0.000        0.000        742916                      3955316                     0                           0                           
GPU 3           70.881            0.000        0.000        0.000        4491791                     3854765                     0                           0                           
GPU 4           71.426            0.000        0.000        0.000        4641436                     950915                      0                           0                           
GPU 5           73.498            0.000        0.000        0.000        898259                      640615                      0                           0                           
GPU 6           73.176            0.000        0.000        0.000        3469437                     2965101                     0                           0                           
GPU 7           72.815            0.000        0.000        0.000        2214449                     1841792                     0                           0                           
GPU 0           317.193           0.483        0.057        0.251        2247429277                  2141718109                  3233130890                  3233130890                  
GPU 1           297.391           0.473        0.057        0.284        2732778717                  2591450441                  2740555895                  2740555895                  
GPU 2           71.252            0.000        0.000        0.000        4485617                     509690                      0                           0                           
GPU 3           71.235            0.000        0.000        0.000        1824458                     1457661                     0                           0                           
GPU 4           71.330            0.000        0.000        0.000        1245813                     3222487                     0                           0                           
GPU 5           73.471            0.000        0.000        0.000        4927359                     4234306                     0                           0                           
GPU 6           73.135            0.000        0.000        0.000        2250221                     1833813                     0                           0                           
GPU 7           72.902            0.000        0.000        0.000        4218637                     3611333                     0                           0                           
GPU 0           290.409           0.396        0.074        0.179        5819655751                  5425586463                  2031711837                  2031711837                  
GPU 1           295.338           0.359        0.072        0.176        5702466333                  5315470141                  2045388533                  2045388533                  
GPU 2           71.201            0.000        0.000        0.000        1267373                     3851470                     0                           0                           
GPU 3           71.165            0.000        0.000        0.000        3207593                     2717342                     0                           0                           
GPU 4           71.333            0.000        0.000        0.000        3785578                     2542452                     0                           0                           
GPU 5           73.462            0.000        0.000        0.000        724515                      472054                      0                           0                           
GPU 6           73.184            0.000        0.000        0.000        2464942                     2060815                     0                           0                           
GPU 7           72.926            0.000        0.000        0.000        484053                      268706                      0                           0                           
GPU 0           296.685           0.442        0.060        0.220        3799588602                  3566592695                  2281913155                  2281913679                  
GPU 1           338.100           0.349        0.060        0.184        3455215298                  3247726398                  2763847316                  2763846792                  
GPU 2           71.284            0.000        0.000        0.000        3821836                     964347                      0                           0                           
GPU 3           71.106            0.000        0.000        0.000        3964593                     3345750                     0                           0                           
GPU 4           71.403            0.000        0.000        0.000        3052078                     1113754                     0                           0                           
GPU 5           73.437            0.000        0.000        0.000        4429377                     3804677                     0                           0                           
GPU 6           73.316            0.000        0.000        0.000        3024397                     2520767                     0                           0                           
GPU 7           72.925            0.000        0.000        0.000        4975958                     4302288                     0                           0                           
GPU 0           333.651           0.493        0.060        0.273        2984052160                  2819440246                  2698515755                  2698515279                  
GPU 1           312.887           0.503        0.059        0.306        2867422471                  2716075327                  2685985039                  2685985992                  
GPU 2           71.170            0.000        0.000        0.000        3934064                     3266875                     0                           0                           
GPU 3           71.047            0.000        0.000        0.000        564206                      368568                      0                           0                           
GPU 4           71.331            0.000        0.000        0.000        1385641                     3276844                     0                           0                           
GPU 5           73.467            0.000        0.000        0.000        1769638                     1406660                     0                           0                           
GPU 6           73.172            0.000        0.000        0.000        1670264                     1351095                     0                           0                           
GPU 7           72.738            0.000        0.000        0.000        736575                      493115                      0                           0                           
GPU 0           300.317           0.370        0.077        0.157        6770826574                  6286578972                  1653352788                  1653353370                  
GPU 1           304.539           0.354        0.070        0.174        5532539089                  5155292564                  1963591843                  1963591261                  
GPU 2           70.912            0.000        0.000        0.000        550880                      3332854                     0                           0                           
GPU 3           70.923            0.000        0.000        0.000        4345996                     3703581                     0                           0                           
GPU 4           71.457            0.000        0.000        0.000        3880474                     354627                      0                           0                           
GPU 5           73.462            0.000        0.000        0.000        3132374                     2640393                     0                           0                           
GPU 6           73.263            0.000        0.000        0.000        4451547                     3812692                     0                           0                           
GPU 7           72.862            0.000        0.000        0.000        4309518                     3699280                     0                           0                           
GPU 0           288.219           0.432        0.069        0.192        3742686186                  3517471785                  3377749580                  3377749104                  
GPU 1           316.024           0.346        0.075        0.158        5085656000                  4744124006                  3003981825                  3003982778                  
GPU 2           71.145            0.000        0.000        0.000        4329559                     363371                      0                           0                           
GPU 3           71.438            0.000        0.000        0.000        532408                      334851                      0                           0                           
GPU 4           71.453            0.000        0.000        0.000        543296                      3695298                     0                           0                           
GPU 5           73.340            0.000        0.000        0.000        2773527                     2289041                     0                           0                           
GPU 6           73.092            0.000        0.000        0.000        735465                      498753                      0                           0                           
GPU 7           72.936            0.000        0.000        0.000        1740897                     1383093                     0                           0                           
GPU 0           329.742           0.510        0.058        0.296        2818048100                  2669453013                  2624344497                  2624343914                  
GPU 1           331.302           0.490        0.057        0.300        2896082210                  2742515503                  2431889979                  2431888815                  
GPU 2           71.053            0.000        0.000        0.000        517294                      3690763                     0                           0                           
GPU 3           70.945            0.000        0.000        0.000        4635311                     485909                      0                           0                           
GPU 4           71.398            0.000        0.000        0.000        4325143                     655596                      0                           0                           
GPU 5           73.456            0.000        0.000        0.000        1715073                     1377089                     0                           0                           
GPU 6           72.929            0.000        0.000        0.000        4879504                     4211348                     0                           0                           
GPU 7           72.912            0.000        0.000        0.000        3071278                     2605492                     0                           0                           
#Entity         POWER             SMACT        TENSO        DRAMA        PCITX                       PCIRX                       NVLTX                       NVLRX                       
ID               W                                                                                                                                                                       
GPU 0           311.862           0.460        0.069        0.228        3362353059                  3169646342                  3400823022                  3400823546                  
GPU 1           299.000           0.421        0.065        0.232        3203043522                  3022038615                  3242894244                  3242894680                  
GPU 2           71.016            0.000        0.000        0.000        4610904                     328091                      0                           0                           
GPU 3           71.113            0.000        0.000        0.000        741250                      3847693                     0                           0                           
GPU 4           71.226            0.000        0.000        0.000        901499                      4252331                     0                           0                           
GPU 5           73.387            0.000        0.000        0.000        4561677                     3916597                     0                           0                           
GPU 6           73.084            0.000        0.000        0.000        1156891                     865157                      0                           0                           
GPU 7           72.685            0.000        0.000        0.000        3051711                     2555408                     0                           0                           
GPU 0           291.251           0.419        0.068        0.177        3290468884                  3096354480                  3666603244                  3666602196                  
GPU 1           311.478           0.374        0.074        0.181        3768416676                  3534481116                  3909190087                  3909188777                  
GPU 2           70.904            0.000        0.000        0.000        724217                      3965755                     0                           0                           
GPU 3           71.139            0.000        0.000        0.000        4481794                     1700769                     0                           0                           
GPU 4           71.420            0.000        0.000        0.000        4925027                     929506                      0                           0                           
GPU 5           73.218            0.000        0.000        0.000        231996                      34775                       0                           0                           
GPU 6           73.131            0.000        0.000        0.000        1757554                     1397849                     0                           0                           
GPU 7           72.764            0.000        0.000        0.000        1654534                     1337463                     0                           0                           
GPU 0           300.661           0.487        0.057        0.262        2332763204                  2220861076                  3049784556                  3049785604                  
GPU 1           312.956           0.422        0.056        0.245        2195931271                  2094950686                  3164134649                  3164134649                  
GPU 2           71.022            0.000        0.000        0.000        4044386                     481223                      0                           0                           
GPU 3           70.969            0.000        0.000        0.000        2104237                     2454373                     0                           0                           
GPU 4           71.271            0.000        0.000        0.000        1229654                     3226554                     0                           0                           
GPU 5           73.212            0.000        0.000        0.000        5029064                     4331505                     0                           0                           
GPU 6           73.061            0.000        0.000        0.000        2780282                     2333760                     0                           0                           
GPU 7           72.927            0.000        0.000        0.000        4455619                     3819925                     0                           0                           
GPU 0           305.082           0.491        0.060        0.264        2368057803                  2254128572                  3299080125                  3299080125                  
GPU 1           329.640           0.436        0.056        0.259        2332791188                  2221784249                  2972617825                  2972619398                  
GPU 2           71.039            0.000        0.000        0.000        1350083                     3458980                     0                           0                           
GPU 3           71.046            0.000        0.000        0.000        2908183                     3374955                     0                           0                           
GPU 4           71.314            0.000        0.000        0.000        3786150                     1741838                     0                           0                           
GPU 5           73.222            0.000        0.000        0.000        1257603                     951777                      0                           0                           
GPU 6           73.081            0.000        0.000        0.000        3342543                     2803311                     0                           0                           
GPU 7           72.862            0.000        0.000        0.000        204393                      22011                       0                           0                           
GPU 0           328.282           0.522        0.054        0.332        2177057906                  2074557943                  1516626553                  1516627135                  
GPU 1           270.900           0.494        0.058        0.299        2324688675                  2213330695                  2543877187                  2543876139                  
GPU 2           70.927            0.000        0.000        0.000        3468976                     1037719                     0                           0                           
GPU 3           70.941            0.000        0.000        0.000        3984209                     358677                      0                           0                           
GPU 4           71.290            0.000        0.000        0.000        2144900                     2233685                     0                           0                           
GPU 5           73.178            0.000        0.000        0.000        3754754                     3194655                     0                           0                           
GPU 6           73.071            0.000        0.000        0.000        1666017                     1343714                     0                           0                           
GPU 7           72.844            0.000        0.000        0.000        4463956                     3828793                     0                           0                           
