#Entity         POWER             SMACT        TENSO        DRAMA        PCITX                       PCIRX                       NVLTX                       NVLRX                       
ID               W                                                                                                                                                                       
GPU 0           133.793           0.204        0.013        0.086        787166335                   9237357950                  6446917868                  5451012                     
GPU 1           144.911           0.219        0.013        0.090        157239531                   2008866477                  7629073492                  7629074541                  
GPU 2           136.535           0.187        0.011        0.078        155741458                   1966495946                  5322306656                  5322372176                  
GPU 3           129.372           0.112        0.006        0.046        3073948447                  1217769161                  3001007                     2721881932                  
GPU 4           130.310           0.122        0.007        0.051        394782165                   4660669103                  2813769736                  3196439                     
GPU 5           140.933           0.215        0.014        0.089        175330070                   2250007398                  8058326871                  8058347836                  
GPU 6           140.368           0.116        0.007        0.047        97860047                    1178414062                  2904535258                  2904587671                  
GPU 7           132.411           0.210        0.014        0.086        8536914127                  2229994836                  282587377                   7782599280                  
GPU 0           99.754            0.012        0.001        0.005        31979113                    345689297                   155949812                   204412                      
GPU 1           102.303           0.031        0.002        0.012        32941457                    376546381                   550723253                   550722328                   
GPU 2           101.572           0.004        0.000        0.001        7186903                     57301290                    46200674                    46206964                    
GPU 3           100.124           0.000        0.000        0.000        3750056                     3111546                     0                           0                           
GPU 4           99.307            0.000        0.000        0.000        3504731                     2918134                     0                           0                           
GPU 5           103.428           0.039        0.002        0.016        39873860                    464512814                   776957639                   776974467                   
GPU 6           103.892           0.000        0.000        0.000        3737472                     3115196                     0                           0                           
GPU 7           104.325           0.038        0.002        0.015        890705867                   383262272                   1029237                     783595376                   
GPU 0           99.361            0.000        0.000        0.000        3585921                     2873978                     0                           0                           
GPU 1           102.032           0.000        0.000        0.000        3536725                     2849211                     0                           0                           
GPU 2           101.548           0.000        0.000        0.000        3514827                     2827324                     0                           0                           
GPU 3           99.924            0.000        0.000        0.000        2239089                     1743525                     0                           0                           
GPU 4           99.085            0.000        0.000        0.000        3202606                     2611181                     0                           0                           
GPU 5           103.142           0.000        0.000        0.000        2300852                     1840507                     0                           0                           
GPU 6           103.677           0.000        0.000        0.000        1892114                     1482418                     0                           0                           
GPU 7           104.179           0.000        0.000        0.000        1548603                     1179797                     0                           0                           
GPU 0           99.299            0.000        0.000        0.000        3077986                     2470705                     0                           0                           
GPU 1           101.858           0.000        0.000        0.000        493742                      287230                      0                           0                           
GPU 2           101.192           0.000        0.000        0.000        3026647                     2431659                     0                           0                           
GPU 3           99.729            0.000        0.000        0.000        2434978                     1937616                     0                           0                           
GPU 4           99.085            0.000        0.000        0.000        1839049                     1450797                     0                           0                           
GPU 5           103.142           0.000        0.000        0.000        2300852                     1819892                     0                           0                           
GPU 6           103.677           0.000        0.000        0.000        2007984                     1598106                     0                           0                           
GPU 7           104.062           0.000        0.000        0.000        2371529                     1179797                     0                           0                           
GPU 0           99.299            0.000        0.000        0.000        9016937                     2470705                     0                           0                           
GPU 1           101.991           0.000        0.000        0.000        7980010                     287230                      0                           0                           
GPU 2           101.192           0.000        0.000        0.000        7784442                     2431659                     0                           0                           
GPU 3           99.729            0.000        0.000        0.000        2434978                     4718184                     0                           0                           
GPU 4           99.110            0.000        0.000        0.000        1839049                     6420070                     0                           0                           
GPU 5           103.012           0.000        0.000        0.000        2263540                     6884443                     0                           0                           
GPU 6           103.457           0.000        0.000        0.000        7322923                     1598106                     0                           0                           
GPU 7           104.062           0.000        0.000        0.000        7553738                     1912705                     0                           0                           
GPU 0           99.244            0.000        0.000        0.000        5480566                     7568566                     0                           0                           
GPU 1           101.845           0.000        0.000        0.000        7451520                     6689581                     0                           0                           
GPU 2           101.119           0.000        0.000        0.000        7052560                     6584256                     0                           0                           
GPU 3           99.744            0.000        0.000        0.000        5692010                     5864778                     0                           0                           
GPU 4           99.036            0.000        0.000        0.000        7548522                     5537213                     0                           0                           
GPU 5           103.032           0.000        0.000        0.000        8075211                     4416340                     0                           0                           
GPU 6           103.432           0.000        0.000        0.000        5116090                     6223043                     0                           0                           
GPU 7           103.965           0.000        0.000        0.000        5498178                     6437534                     0                           0                           
GPU 0           99.021            0.000        0.000        0.000        7373912                     6172533                     0                           0                           
GPU 1           101.733           0.000        0.000        0.000        7144917                     5986578                     0                           0                           
GPU 2           101.119           0.000        0.000        0.000        4582888                     3833925                     0                           0                           
GPU 3           99.666            0.000        0.000        0.000        7817474                     6498934                     0                           0                           
GPU 4           98.858            0.000        0.000        0.000        5279318                     4381435                     0                           0                           
GPU 5           102.719           0.000        0.000        0.000        7872456                     6643349                     0                           0                           
GPU 6           103.276           0.000        0.000        0.000        7202137                     6074763                     0                           0                           
GPU 7           103.757           0.000        0.000        0.000        7194644                     6069706                     0                           0                           
GPU 0           98.953            0.000        0.000        0.000        527808                      318676                      0                           0                           
GPU 1           101.452           0.000        0.000        0.000        602121                      396391                      0                           0                           
GPU 2           101.119           0.000        0.000        0.000        1107886                     799584                      0                           0                           
GPU 3           99.556            0.000        0.000        0.000        3173283                     3428472                     0                           0                           
GPU 4           98.858            0.000        0.000        0.000        1650067                     1252679                     0                           0                           
GPU 5           102.719           0.000        0.000        0.000        7872456                     243227                      0                           0                           
GPU 6           103.276           0.000        0.000        0.000        2347013                     1881687                     0                           0                           
GPU 7           103.696           0.000        0.000        0.000        2194109                     6069706                     0                           0                           
GPU 0           98.913            0.000        0.000        0.000        4109313                     3414818                     0                           0                           
GPU 1           101.476           0.000        0.000        0.000        3778542                     3123888                     0                           0                           
GPU 2           100.887           0.000        0.000        0.000        3361626                     2772817                     0                           0                           
GPU 3           99.432            0.000        0.000        0.000        536376                      324388                      0                           0                           
GPU 4           98.625            0.000        0.000        0.000        2988081                     2416205                     0                           0                           
GPU 5           102.544           0.000        0.000        0.000        4240923                     3488239                     0                           0                           
GPU 6           103.007           0.000        0.000        0.000        3684850                     3031163                     0                           0                           
GPU 7           103.676           0.000        0.000        0.000        4212994                     3445661                     0                           0                           
GPU 0           98.921            0.000        0.000        0.000        3215547                     3414818                     0                           0                           
GPU 1           101.479           0.000        0.000        0.000        506347                      5020061                     0                           0                           
GPU 2           100.887           0.000        0.000        0.000        3421782                     2772817                     0                           0                           
GPU 3           99.483            0.000        0.000        0.000        536376                      324388                      0                           0                           
GPU 4           98.625            0.000        0.000        0.000        4022912                     3280704                     0                           0                           
GPU 5           102.544           0.000        0.000        0.000        4240923                     873786                      0                           0                           
GPU 6           103.007           0.000        0.000        0.000        285367                      98422                       0                           0                           
GPU 7           103.676           0.000        0.000        0.000        293525                      3445661                     0                           0                           
GPU 0           98.796            0.000        0.000        0.000        4943941                     4054462                     0                           0                           
GPU 1           101.422           0.000        0.000        0.000        6003282                     854946                      0                           0                           
GPU 2           100.640           0.000        0.000        0.000        4965186                     4111449                     0                           0                           
GPU 3           99.355            0.000        0.000        0.000        4085396                     3434043                     0                           0                           
GPU 4           98.594            0.000        0.000        0.000        4082665                     3408598                     0                           0                           
GPU 5           102.489           0.000        0.000        0.000        1187282                     5642963                     0                           0                           
GPU 6           103.021           0.000        0.000        0.000        4499475                     3720417                     0                           0                           
GPU 7           103.607           0.000        0.000        0.000        5584058                     107689                      0                           0                           
GPU 0           98.822            0.000        0.000        0.000        310284                      120549                      0                           0                           
GPU 1           101.362           0.000        0.000        0.000        3772346                     3111910                     0                           0                           
GPU 2           100.601           0.000        0.000        0.000        1131222                     818635                      0                           0                           
GPU 3           99.320            0.000        0.000        0.000        3435600                     2808996                     0                           0                           
GPU 4           98.563            0.000        0.000        0.000        1678249                     1272743                     0                           0                           
GPU 5           102.386           0.000        0.000        0.000        266266                      75477                       0                           0                           
GPU 6           102.915           0.000        0.000        0.000        3283507                     2704612                     0                           0                           
GPU 7           103.604           0.000        0.000        0.000        2696033                     2200974                     0                           0                           
GPU 0           98.902            0.000        0.000        0.000        4117174                     3421631                     0                           0                           
GPU 1           101.338           0.000        0.000        0.000        498992                      294573                      0                           0                           
GPU 2           100.609           0.000        0.000        0.000        3369176                     2779206                     0                           0                           
GPU 3           99.258            0.000        0.000        0.000        533456                      321471                      0                           0                           
GPU 4           98.525            0.000        0.000        0.000        2967319                     2400645                     0                           0                           
GPU 5           102.094           0.000        0.000        0.000        4282796                     3516589                     0                           0                           
GPU 6           102.922           0.000        0.000        0.000        337196                      2998344                     0                           0                           
GPU 7           103.531           0.000        0.000        0.000        4058268                     3319258                     0                           0                           
GPU 0           98.733            0.000        0.000        0.000        3509244                     2876007                     0                           0                           
GPU 1           101.273           0.000        0.000        0.000        4061773                     3400883                     0                           0                           
GPU 2           100.593           0.000        0.000        0.000        3444156                     2820891                     0                           0                           
GPU 3           99.272            0.000        0.000        0.000        4003262                     3337099                     0                           0                           
GPU 4           98.528            0.000        0.000        0.000        4122972                     3350373                     0                           0                           
GPU 5           102.181           0.000        0.000        0.000        1696284                     1291748                     0                           0                           
GPU 6           102.792           0.000        0.000        0.000        4268692                     133364                      0                           0                           
GPU 7           103.436           0.000        0.000        0.000        436941                      219185                      0                           0                           
GPU 0           98.777            0.000        0.000        0.000        3501686                     336611                      0                           0                           
GPU 1           101.259           0.000        0.000        0.000        243736                      56085                       0                           0                           
GPU 2           100.550           0.000        0.000        0.000        505820                      300347                      0                           0                           
GPU 3           99.246            0.000        0.000        0.000        281987                      94869                       0                           0                           
GPU 4           98.557            0.000        0.000        0.000        495332                      290385                      0                           0                           
GPU 5           102.039           0.000        0.000        0.000        2988382                     2429953                     0                           0                           
GPU 6           102.716           0.000        0.000        0.000        707107                      3513913                     0                           0                           
GPU 7           103.274           0.000        0.000        0.000        4841907                     4003963                     0                           0                           
#Entity         POWER             SMACT        TENSO        DRAMA        PCITX                       PCIRX                       NVLTX                       NVLRX                       
ID               W                                                                                                                                                                       
GPU 0           100.244           0.000        0.000        0.000        1864355365                  2869390                     0                           0                           
GPU 1           105.714           0.000        0.000        0.000        4100746                     3428819                     0                           0                           
GPU 2           106.893           0.000        0.000        0.000        4011398                     3332086                     0                           0                           
GPU 3           99.215            0.000        0.000        0.000        4052676                     3374435                     0                           0                           
GPU 4           100.460           0.000        0.000        0.000        4367782                     3588364                     0                           0                           
GPU 5           104.631           0.000        0.000        0.000        4019752                     3267064                     0                           0                           
GPU 6           105.030           0.000        0.000        0.000        4075394                     441703                      0                           0                           
GPU 7           105.231           0.021        0.000        0.000        1699474                     1287163                     0                           0                           
GPU 0           201.538           0.058        0.009        0.022        8965444226                  2151933054                  3271312686                  3068780388                  
GPU 1           228.457           0.169        0.035        0.064        30591292                    357512295                   23845370132                 23845370939                 
GPU 2           218.507           0.113        0.021        0.042        30300794                    369900958                   14770503414                 14770502462                 
GPU 3           199.050           0.155        0.031        0.056        6724110162                  6219010020                  10657523736                 10988882821                 
GPU 4           205.404           0.128        0.025        0.047        5218386965                  5529936770                  8975171473                  8675641955                  
GPU 5           222.008           0.059        0.009        0.021        24391376                    269936716                   6138959497                  6140313292                  
GPU 6           220.613           0.174        0.038        0.000        32381703                    382913144                   25229065747                 25229945367                 
GPU 7           202.200           0.186        0.043        0.072        263185076                   8369948465                  14872545921                 15212180487                 
GPU 0           214.725           0.192        0.049        0.073        6929500663                  8933941578                  15293875051                 14999326785                 
GPU 1           238.557           0.219        0.067        0.074        16699167                    226976400                   28456552623                 28456552099                 
GPU 2           226.977           0.213        0.057        0.075        18214884                    184521935                   29458654652                 29458653488                 
GPU 3           215.501           0.223        0.069        0.070        8834744939                  7950246058                  14454769902                 14662932150                 
GPU 4           221.303           0.212        0.061        0.070        8627905748                  8245949229                  14690607236                 14454417249                 
GPU 5           234.313           0.202        0.049        0.076        18821818                    192574826                   30276732347                 30277390665                 
GPU 6           234.783           0.214        0.071        0.068        13649815                    129444223                   29239871710                 29240541600                 
GPU 7           216.585           0.213        0.068        0.071        9224590790                  7979508165                  14311811514                 14534777787                 
GPU 0           175.154           0.209        0.058        0.073        1050575528                  9243353502                  13480880387                 11233100732                 
GPU 1           193.435           0.212        0.017        0.088        105673648                   1087228378                  9842354089                  9842354613                  
GPU 2           183.535           0.217        0.045        0.078        47942580                    548824599                   19664263792                 19664263792                 
GPU 3           170.018           0.212        0.024        0.081        10364170438                 2145253395                  2437447280                  10531372872                 
GPU 4           176.121           0.218        0.039        0.078        4140601304                  10837709100                 11714536902                 5875081432                  
GPU 5           190.673           0.219        0.059        0.075        28551934                    332215917                   24860998353                 24858869826                 
GPU 6           191.148           0.204        0.019        0.074        113549976                   1250441816                  11474402103                 11476810979                 
GPU 7           177.017           0.210        0.016        0.083        8754789546                  1019415564                  3536590                     9819332620                  
GPU 0           172.228           0.202        0.017        0.081        1050575528                  12720240354                 13480880387                 11233100732                 
GPU 1           193.435           0.212        0.017        0.085        105673648                   1226848763                  9842354089                  9842354613                  
GPU 2           183.535           0.208        0.017        0.086        80641934                    785955787                   19664263792                 19664263792                 
GPU 3           169.702           0.212        0.016        0.081        10473074211                 2145253395                  2437447280                  10531372872                 
GPU 4           176.121           0.218        0.039        0.085        1049263750                  12044903052                 11714536902                 3464423                     
GPU 5           190.673           0.219        0.059        0.075        28551934                    755688628                   24860998353                 24858869826                 
GPU 6           191.148           0.202        0.019        0.082        113549976                   1405248944                  11474402103                 11476810979                 
GPU 7           173.563           0.210        0.016        0.083        10834680320                 1019415564                  3361881                     9819332620                  
GPU 0           172.637           0.204        0.016        0.083        1109143956                  12774370167                 9305093975                  3351707                     
GPU 1           192.909           0.206        0.017        0.086        120884934                   1263896618                  9317261994                  9317272475                  
GPU 2           182.036           0.203        0.016        0.083        79510133                    782964361                   9274988319                  9274988319                  
GPU 3           168.857           0.209        0.016        0.084        10278257826                 785243948                   3344889                     9323408807                  
GPU 4           174.148           0.206        0.017        0.083        1014761157                  11645571865                 9345013889                  3355993                     
GPU 5           188.937           0.209        0.017        0.085        73578672                    721334316                   9308965260                  9308965784                  
GPU 6           191.580           0.202        0.016        0.083        137029580                   1456934209                  9344230163                  9344274189                  
GPU 7           173.764           0.205        0.016        0.082        10358154968                 1139771896                  3360889                     9323518469                  
GPU 0           173.912           0.194        0.017        0.078        1180018455                  13653727085                 8768524365                  3149140                     
GPU 1           184.842           0.206        0.017        0.086        128367883                   1360965724                  9200123191                  9200117473                  
GPU 2           174.727           0.180        0.017        0.084        76612689                    845386681                   8105525853                  8105525853                  
GPU 3           170.277           0.208        0.017        0.084        10135850185                 791028019                   3320410                     9195653852                  
GPU 4           164.713           0.207        0.017        0.084        1000072652                  11506104665                 9267115027                  3345047                     
GPU 5           180.512           0.185        0.015        0.074        79230751                    874404060                   8158721816                  8158453475                  
GPU 6           181.700           0.201        0.016        0.083        137922147                   1502514196                  9193186503                  9193261192                  
GPU 7           174.119           0.204        0.016        0.082        10307555566                 1156144790                  3302763                     9182623001                  
GPU 0           164.538           0.186        0.016        0.074        1180018455                  13732538445                 8768524365                  3149140                     
GPU 1           184.842           0.206        0.015        0.075        128367883                   1240650597                  9200123191                  9200117473                  
GPU 2           178.020           0.180        0.015        0.073        76757711                    1066896632                  8105525853                  8105525853                  
GPU 3           162.606           0.208        0.014        0.072        8910291401                  791028019                   3320410                     9195653852                  
GPU 4           164.713           0.207        0.017        0.072        869258906                   9961272970                  9267115027                  2908372                     
GPU 5           184.428           0.185        0.015        0.074        79230751                    874404060                   8158721816                  8158453475                  
GPU 6           181.700           0.173        0.016        0.083        137922147                   1413411945                  9193186503                  9193261192                  
GPU 7           167.380           0.204        0.016        0.082        10153491790                 1156144790                  2975203                     9182623001                  
GPU 0           178.068           0.163        0.016        0.062        1306385155                  7140903126                  8573399316                  239455586                   
GPU 1           195.156           0.183        0.027        0.070        106484489                   768302566                   8269735438                  8269864896                  
GPU 2           195.331           0.196        0.018        0.080        82697297                    166722110                   10452526302                 10452899859                 
GPU 3           175.505           0.187        0.023        0.071        8635813697                  3448219411                  4897443835                  10073675507                 
GPU 4           184.956           0.170        0.020        0.074        2338572906                  9889067381                  9410771067                  2720410986                  
GPU 5           198.491           0.191        0.021        0.076        68497526                    857558034                   12836132115                 12836324169                 
GPU 6           188.983           0.179        0.023        0.071        87239972                    1139162104                  15130442548                 15131374520                 
GPU 7           178.818           0.182        0.014        0.071        9113054321                  1157155631                  8470652508                  8239266800                  
GPU 0           170.278           0.180        0.034        0.067        6960827245                  10681775816                 12115453921                 11612301272                 
GPU 1           199.054           0.180        0.024        0.066        56242825                    556989550                   17922340366                 17923065170                 
GPU 2           180.537           0.174        0.034        0.064        18856939                    1066704697                  23036408709                 23035804234                 
GPU 3           173.345           0.174        0.026        0.063        7791832221                  4569653832                  7645297901                  10583485645                 
GPU 4           172.254           0.197        0.029        0.063        5505367010                  7636244831                  11103628252                 8859973217                  
GPU 5           186.048           0.169        0.027        0.063        33033920                    372743753                   18304848668                 18304848086                 
GPU 6           192.527           0.167        0.027        0.064        32754644                    374009349                   18561308321                 18560151596                 
GPU 7           171.553           0.169        0.028        0.065        7941110913                  5260479372                  5051861780                  11083332190                 
GPU 0           169.593           0.203        0.017        0.078        2313056723                  13316000473                 9216068727                  2556045535                  
GPU 1           187.434           0.176        0.014        0.081        45123083                    1558318059                  16360317653                 16359593860                 
GPU 2           178.069           0.187        0.016        0.071        86669056                    1349016497                  11341081031                 11341080078                 
GPU 3           166.173           0.206        0.013        0.077        10538234902                 1295608810                  3423949                     9538724827                  
GPU 4           170.082           0.207        0.017        0.074        2047743113                  11019963976                 9923902610                  2018093371                  
GPU 5           184.621           0.205        0.017        0.078        111298698                   1369163012                  12115459531                 12115342673                 
GPU 6           188.988           0.199        0.013        0.077        111980449                   1358018463                  9546829160                  9546839118                  
GPU 7           171.340           0.171        0.020        0.063        8193505933                  3387087477                  3415201                     9765136660                  
GPU 0           170.988           0.206        0.014        0.080        1133254577                  13221893714                 9524897750                  3428707                     
GPU 1           189.902           0.207        0.014        0.083        124559975                   1543754982                  9536405041                  9536404517                  
GPU 2           180.193           0.204        0.014        0.080        104904488                   1367910077                  9527687680                  9527835594                  
GPU 3           168.001           0.210        0.014        0.081        10443581712                 1385115475                  3400964                     9452668903                  
GPU 4           173.168           0.208        0.014        0.079        1009298139                  11852062147                 9485274209                  3397436                     
GPU 5           186.233           0.208        0.014        0.080        119427829                   1516686735                  9452259374                  9452376772                  
GPU 6           185.829           0.202        0.013        0.080        109877870                   1379304466                  9420801873                  9420789818                  
GPU 7           171.596           0.207        0.013        0.077        10448890016                 1359620715                  3396421                     9467070895                  
GPU 0           172.095           0.206        0.014        0.080        1134307576                  13266853797                 9408857000                  3387229                     
GPU 1           191.763           0.209        0.015        0.084        117816684                   1503390996                  9421938513                  9421886581                  
GPU 2           180.056           0.206        0.014        0.082        108936276                   1343968248                  9411869700                  9411871272                  
GPU 3           169.228           0.213        0.014        0.083        10418806226                 1358269908                  3388494                     9420911718                  
GPU 4           169.289           0.209        0.014        0.081        1012704476                  11853123269                 9409255049                  3387372                     
GPU 5           185.392           0.211        0.014        0.082        123213806                   1528946209                  9416642460                  9416640363                  
GPU 6           187.697           0.205        0.014        0.081        114200251                   1378071819                  9423024870                  9423150649                  
GPU 7           173.492           0.208        0.013        0.079        10407930751                 1400363034                  3388308                     9450924140                  
GPU 0           166.294           0.192        0.014        0.073        1179548042                  11950162934                 9415827903                  3390703                     
GPU 1           190.581           0.209        0.015        0.084        119835922                   1486748510                  9470671388                  9470734853                  
GPU 2           176.564           0.206        0.014        0.082        103992036                   1207782866                  9413328599                  9413193902                  
GPU 3           164.191           0.213        0.014        0.083        10400983581                 1322550490                  3388157                     9411338787                  
GPU 4           168.266           0.192        0.014        0.082        1006935476                  11826203463                 9419279777                  3404501                     
GPU 5           182.253           0.196        0.014        0.082        129566407                   1635084983                  9439707060                  9439707060                  
GPU 6           183.679           0.205        0.014        0.081        104606216                   1295678004                  9463235137                  9463120788                  
GPU 7           168.507           0.204        0.013        0.080        10195590515                 1405401855                  62336686                    9410911258                  
#Entity         POWER             SMACT        TENSO        DRAMA        PCITX                       PCIRX                       NVLTX                       NVLRX                       
ID               W                                                                                                                                                                       
GPU 0           171.819           0.191        0.014        0.074        1296094229                  11904458549                 8687078693                  284230369                   
GPU 1           186.706           0.196        0.014        0.078        102657446                   1303994594                  9414221122                  9414107922                  
GPU 2           186.517           0.192        0.017        0.075        90171444                    1176459651                  8978345331                  8978479502                  
GPU 3           171.634           0.198        0.014        0.076        9391402562                  1347629572                  284234650                   8627532356                  
GPU 4           175.941           0.183        0.019        0.071        2869006389                  9505240781                  8557345275                  3765785670                  
GPU 5           189.706           0.188        0.014        0.076        106620514                   1314795132                  8859045895                  8859047060                  
GPU 6           190.298           0.189        0.013        0.074        98532724                    1208636055                  8820717522                  8820736159                  
GPU 7           173.616           0.198        0.013        0.079        9653249638                  1365076730                  225289640                   9246884693                  
GPU 0           179.020           0.177        0.030        0.066        6035279100                  9446267870                  8625198773                  511935397                   
GPU 1           198.430           0.180        0.025        0.068        87154991                    1423955365                  8912528014                  8912528539                  
GPU 2           189.155           0.192        0.025        0.073        95837472                    1484647285                  11373272641                 11373272641                 
GPU 3           175.234           0.180        0.024        0.066        8282407115                  5259107711                  7122664406                  10747720063                 
GPU 4           181.102           0.199        0.023        0.076        3920996647                  11052154909                 9698697964                  5464318025                  
GPU 5           195.146           0.204        0.022        0.072        76739060                    989592599                   15818678852                 15820034169                 
GPU 6           199.184           0.177        0.025        0.069        48904881                    619014576                   17728414618                 17730220746                 
GPU 7           179.065           0.164        0.013        0.076        7657960346                  1370457911                  8501124395                  8838839426                  
GPU 0           180.462           0.234        0.016        0.099        1289377637                  15093111505                 12100156027                 9628819632                  
GPU 1           199.601           0.220        0.018        0.092        121767053                   1572397446                  17870932666                 17870956252                 
GPU 2           188.649           0.235        0.016        0.102        162959074                   2024879565                  18473609701                 18473610225                 
GPU 3           177.496           0.220        0.018        0.089        11374338915                 2814373761                  2106955496                  11239376987                 
GPU 4           180.581           0.240        0.017        0.102        1275153660                  14930955939                 11402304182                 3926168                     
GPU 5           196.374           0.237        0.020        0.081        158553247                   2422025567                  14550285754                 14548628146                 
GPU 6           195.973           0.208        0.018        0.085        171466120                   2567644137                  13243311319                 13241623614                 
GPU 7           181.767           0.224        0.026        0.060        12025629624                 6138878839                  1435514352                  10810651232                 
GPU 0           165.662           0.182        0.019        0.070        2731670988                  9204891291                  11655713102                 3914126                     
GPU 1           188.448           0.213        0.015        0.090        135160604                   1714449795                  13211047768                 13211130197                 
GPU 2           177.717           0.179        0.019        0.067        65056169                    823602461                   11708897480                 11711140164                 
GPU 3           163.893           0.216        0.015        0.091        11143918551                 2053552628                  501753292                   10282665536                 
GPU 4           168.666           0.160        0.019        0.059        3122336435                  7199714650                  11720096285                 4571133185                  
GPU 5           182.540           0.166        0.017        0.101        175877654                   2203703454                  11597303508                 11597302984                 
GPU 6           184.299           0.216        0.016        0.091        162332148                   2009716217                  10933715245                 10933715769                 
GPU 7           167.910           0.194        0.018        0.093        9434229306                  2867565736                  1188699071                  11501749850                 
GPU 0           175.618           0.186        0.021        0.071        3464720285                  9414566945                  9229563131                  3562567367                  
GPU 1           195.163           0.182        0.022        0.067        66765997                    845169648                   10664486663                 10664485498                 
GPU 2           185.024           0.185        0.019        0.070        71036807                    840815339                   13378630850                 13376386051                 
GPU 3           171.912           0.179        0.023        0.063        7562592424                  4106219165                  6690426138                  9932760307                  
GPU 4           178.082           0.194        0.020        0.075        3109821230                  10299180378                 8232648361                  4062317739                  
GPU 5           192.077           0.200        0.019        0.061        59251266                    801218857                   13058790825                 13058790300                 
GPU 6           192.761           0.173        0.021        0.065        65536362                    873608193                   14747351537                 14747974295                 
GPU 7           175.955           0.179        0.015        0.078        8215429758                  2273873094                  7160140923                  10735954835                 
GPU 0           176.981           0.221        0.015        0.091        1282687646                  13689784852                 10875809013                 212101510                   
GPU 1           195.050           0.215        0.015        0.090        165166014                   2088178318                  10695277213                 10695135699                 
GPU 2           184.556           0.224        0.015        0.094        130333756                   1664258669                  11344321681                 11344192219                 
GPU 3           172.921           0.210        0.015        0.084        10697213814                 1914027753                  1549387887                  10061672665                 
GPU 4           177.306           0.219        0.015        0.089        1374884842                  13744795209                 10358371301                 371637217                   
GPU 5           191.855           0.219        0.016        0.090        132575681                   1477978604                  14274698442                 14274577913                 
GPU 6           193.231           0.203        0.016        0.082        143767490                   1794630849                  13077751867                 13076988980                 
GPU 7           177.009           0.216        0.014        0.088        11485697361                 2147123384                  289048770                   10486792002                 
GPU 0           171.862           0.176        0.018        0.066        2803286663                  10844855927                 9327619102                  3431168327                  
GPU 1           185.270           0.186        0.017        0.072        107336588                   1326866151                  11951263417                 11951390769                 
GPU 2           182.636           0.184        0.021        0.069        62480670                    735521818                   14776676447                 14776936403                 
GPU 3           171.565           0.197        0.016        0.077        10148525708                 2012906393                  6760069165                  9894772360                  
GPU 4           173.498           0.179        0.021        0.067        3454370268                  8986345723                  10945939265                 4894126820                  
GPU 5           189.385           0.178        0.022        0.066        62519202                    1695365851                  11789445464                 11790008663                 
GPU 6           188.312           0.209        0.020        0.086        160521080                   2021330061                  12255681183                 12255573215                 
GPU 7           171.705           0.184        0.016        0.071        9310051131                  2589930505                  2326838874                  9481139034                  
GPU 0           176.198           0.173        0.023        0.064        4363805136                  10531651531                 10588294022                 6351946674                  
GPU 1           196.382           0.190        0.025        0.072        71980782                    939486170                   17487411299                 17487493063                 
GPU 2           185.943           0.178        0.024        0.066        39045613                    471136006                   17272117496                 17273119096                 
GPU 3           171.803           0.182        0.024        0.065        7956661650                  4283551921                  4486122354                  10306913301                 
GPU 4           177.207           0.183        0.024        0.068        4309738985                  9762561142                  9866636180                  6349335104                  
GPU 5           193.923           0.188        0.023        0.072        76181110                    798262868                   15633735212                 15635419774                 
GPU 6           194.215           0.167        0.024        0.062        60088518                    771748341                   14259041396                 14259149891                 
GPU 7           177.174           0.184        0.023        0.069        8718617802                  4411867977                  6431057738                  10849651366                 
GPU 0           181.600           0.222        0.021        0.092        2554486772                  14113094087                 11928191622                 2489828781                  
GPU 1           207.563           0.206        0.020        0.084        98753376                    1202809181                  14696937737                 14695520521                 
GPU 2           188.098           0.226        0.017        0.096        131483214                   1644417552                  12401664678                 12400659953                 
GPU 3           175.210           0.205        0.022        0.079        10687794603                 3498019237                  522341685                   11744903110                 
GPU 4           182.014           0.227        0.016        0.094        1351616618                  14526297458                 11132543756                 211202289                   
GPU 5           196.191           0.228        0.016        0.096        168488902                   948086343                   16647054329                 16645110765                 
GPU 6           197.038           0.194        0.015        0.077        68351460                    842629617                   17647075810                 17646959471                 
GPU 7           180.581           0.203        0.020        0.081        10982428096                 3271118706                  3516440869                  11548058497                 
GPU 0           159.468           0.170        0.015        0.066        1934121081                  9982445983                  8272660360                  1989692417                  
GPU 1           182.511           0.197        0.016        0.079        93024191                    1175941145                  11131079394                 11132174211                 
GPU 2           168.743           0.166        0.014        0.063        67789582                    800713523                   9809075140                  9809290023                  
GPU 3           157.329           0.212        0.015        0.087        10831879332                 1726174076                  3841786465                  10032199698                 
GPU 4           160.000           0.163        0.014        0.061        1935968561                  8148282670                  11032090188                 2247183998                  
GPU 5           174.033           0.160        0.014        0.060        70829493                    2098261341                  11231129872                 11231122885                 
GPU 6           176.111           0.208        0.017        0.087        130363754                   1623411229                  10539513497                 10540652377                 
GPU 7           160.697           0.199        0.016        0.079        9819801602                  2324085088                  1773249433                  9693412868                  
GPU 0           168.622           0.173        0.019        0.064        3090966263                  8106840900                  8851620798                  4390707568                  
GPU 1           188.116           0.159        0.017        0.057        48400316                    556170927                   11700767601                 11702452463                 
GPU 2           179.941           0.179        0.020        0.066        53936857                    661151301                   13744536902                 13744301050                 
GPU 3           166.449           0.165        0.017        0.059        7168676768                  2656197669                  3135245050                  8263922026                  
GPU 4           171.170           0.175        0.020        0.065        3241340809                  8264504193                  7694023591                  4617178791                  
GPU 5           185.706           0.183        0.020        0.069        69391915                    853502784                   9877552783                  9878502501                  
GPU 6           188.739           0.165        0.017        0.061        58508443                    694688185                   11649431454                 11649816158                 
GPU 7           170.878           0.157        0.016        0.056        6734077983                  2559724508                  3576987262                  7745958644                  
GPU 0           173.398           0.196        0.016        0.077        1851956810                  11799835315                 9741007538                  1546569295                  
GPU 1           190.346           0.196        0.017        0.078        107263722                   1313041950                  11967272797                 11965905318                 
GPU 2           183.266           0.205        0.015        0.083        108395040                   1328353177                  11291613019                 11291613543                 
GPU 3           171.058           0.182        0.017        0.067        8247237997                  2472253775                  810353323                   10989084656                 
GPU 4           174.877           0.206        0.015        0.083        1643058024                  12157985718                 10171691752                 1096249830                  
GPU 5           191.182           0.209        0.015        0.084        141700903                   875067284                   13837896691                 13837115234                 
GPU 6           192.629           0.175        0.015        0.066        69600037                    869106598                   12455710351                 12454320942                 
GPU 7           177.426           0.189        0.016        0.073        9249861058                  2408525018                  2462446836                  9507854116                  
GPU 0           171.636           0.211        0.020        0.086        2640671758                  12454274458                 11355423595                 2893369691                  
GPU 1           202.925           0.210        0.018        0.085        122982151                   1536754343                  12988071719                 12988929707                 
GPU 2           180.871           0.207        0.020        0.083        97234118                    1225619094                  14321786337                 14321786337                 
GPU 3           168.117           0.223        0.016        0.091        11759696099                 2112618620                  4985898154                  9550614644                  
GPU 4           171.115           0.194        0.019        0.077        2708944563                  10669922461                 10133683802                 3278347804                  
GPU 5           186.284           0.192        0.018        0.076        102991235                   1751733104                  12858225442                 12858132409                 
GPU 6           188.836           0.223        0.020        0.093        140356231                   1726083480                  13950155031                 13950156341                 
GPU 7           172.742           0.213        0.015        0.086        11113350128                 2114824462                  1026446853                  9978644946                  
GPU 0           163.812           0.157        0.020        0.056        3599392679                  7733422427                  8566690171                  5363920052                  
GPU 1           185.926           0.174        0.019        0.065        58718671                    679626932                   13702079673                 13701339623                 
GPU 2           175.949           0.163        0.020        0.059        39978372                    435938207                   14003803896                 14003802848                 
GPU 3           161.362           0.182        0.020        0.067        8020472642                  3391332734                  3726544097                  6417401759                  
GPU 4           165.868           0.161        0.020        0.058        3508224273                  7778132561                  9025432622                  5176609789                  
GPU 5           180.575           0.151        0.020        0.057        35191870                    1291289119                  14424625653                 14426474424                 
GPU 6           179.493           0.181        0.016        0.071        64334219                    790099266                   11399590232                 11399353224                 
GPU 7           162.774           0.179        0.021        0.067        8187815435                  3761863360                  5569535946                  6476632497                  
#Entity         POWER             SMACT        TENSO        DRAMA        PCITX                       PCIRX                       NVLTX                       NVLRX                       
ID               W                                                                                                                                                                       
GPU 0           156.893           0.131        0.010        0.046        1401499047                  7256371049                  5509703826                  1448033647                  
GPU 1           165.420           0.134        0.013        0.047        50916153                    639212865                   8939641735                  8939642260                  
GPU 2           161.252           0.138        0.010        0.050        79132776                    982267930                   6961567984                  6961324997                  
GPU 3           149.413           0.131        0.014        0.043        5203115661                  2485743877                  934277047                   8191541461                  
GPU 4           154.290           0.142        0.010        0.052        1304676746                  9813813102                  6179646149                  838973371                   
GPU 5           167.548           0.131        0.010        0.053        55079693                    393334088                   7094106896                  7091318084                  
GPU 6           169.745           0.133        0.012        0.046        33007639                    372903866                   8493327194                  8493423103                  
GPU 7           156.996           0.131        0.013        0.046        5654724548                  2156776924                  2926766931                  8139326924                  
GPU 0           167.771           0.203        0.015        0.084        1480293736                  14692457350                 10089787944                 438921663                   
GPU 1           193.105           0.186        0.014        0.076        101023918                   1863296972                  9946987722                  9941879255                  
GPU 2           177.801           0.194        0.015        0.080        124066814                   1593368220                  10235766379                 10236063383                 
GPU 3           165.449           0.173        0.013        0.067        8618296397                  2049897854                  1222575886                  7741994882                  
GPU 4           169.680           0.190        0.015        0.077        1508861827                  11043908720                 8952943639                  1031828148                  
GPU 5           183.556           0.186        0.014        0.078        106502629                   672325411                   9962092645                  9963200633                  
GPU 6           185.968           0.166        0.013        0.065        108431187                   1357565363                  9151761950                  9152166568                  
GPU 7           169.728           0.171        0.012        0.066        8542115050                  1805166934                  934304126                   7541641716                  
GPU 0           164.160           0.143        0.016        0.051        3581625496                  7761726190                  7216798557                  3817073024                  
GPU 1           179.916           0.161        0.014        0.061        77399635                    1300989555                  9952850930                  9957381635                  
GPU 2           175.350           0.149        0.016        0.054        77931710                    991230863                   11413421957                 11413424053                 
GPU 3           163.734           0.169        0.013        0.067        7974820402                  4506023186                  6436035592                  9709627831                  
GPU 4           165.355           0.153        0.018        0.055        3150237836                  7843987725                  8072941355                  4521139867                  
GPU 5           179.390           0.148        0.020        0.057        36010992                    1321158193                  13809533483                 13812223733                 
GPU 6           178.788           0.172        0.020        0.069        79560793                    1376086850                  14153874527                 14153716262                 
GPU 7           165.785           0.157        0.013        0.063        7574178700                  2046096958                  1530442762                  9519289319                  
GPU 0           156.188           0.141        0.019        0.049        2088028972                  7351432238                  7838277505                  5460548050                  
GPU 1           173.217           0.138        0.022        0.058        81299844                    1047994371                  15719007685                 15720204425                 
GPU 2           165.987           0.144        0.019        0.050        61768607                    856187160                   13262306158                 13262304586                 
GPU 3           153.112           0.136        0.022        0.060        7491017093                  3241419356                  4304728294                  6777616895                  
GPU 4           156.484           0.138        0.018        0.047        3240812300                  6287880683                  7304350040                  4934963186                  
GPU 5           172.876           0.128        0.016        0.049        34570640                    404980976                   11281520281                 11279925043                 
GPU 6           169.864           0.151        0.017        0.056        61286156                    1032615435                  12177491729                 12177361749                 
GPU 7           158.136           0.129        0.022        0.056        7123378934                  4539261806                  6704894821                  6336349308                  
GPU 0           176.889           0.147        0.015        0.053        1600607920                  8381101474                  6900977859                  2556353562                  
GPU 1           189.625           0.179        0.014        0.049        120341870                   1544426552                  9783268035                  9782292267                  
GPU 2           167.999           0.194        0.015        0.080        111244330                   1121284403                  9554837919                  9554716859                  
GPU 3           172.469           0.164        0.012        0.044        5332584261                  1540980351                  636241179                   7388772735                  
GPU 4           158.852           0.151        0.014        0.081        1684787758                  13570199314                 7050162689                  960169790                   
GPU 5           172.093           0.140        0.013        0.056        67988283                    786991181                   9004383206                  9003487589                  
GPU 6           174.105           0.133        0.013        0.079        119771953                   1583972589                  8757468517                  8757347981                  
GPU 7           158.823           0.177        0.014        0.044        9021905750                  2856908487                  3614730461                  8320622617                  
GPU 0           173.896           0.190        0.022        0.074        3509550757                  10225404713                 9542584766                  718467335                   
GPU 1           197.786           0.201        0.018        0.082        113095994                   1410152295                  8771710190                  8771714267                  
GPU 2           187.578           0.194        0.024        0.075        81807339                    1037367491                  10389949596                 10390051362                 
GPU 3           171.532           0.209        0.017        0.085        10383288019                 2244726438                  1625416958                  10130195466                 
GPU 4           176.524           0.187        0.024        0.071        4235829794                  9141975360                  9749779231                  6305030522                  
GPU 5           190.388           0.183        0.022        0.083        113815485                   1420139653                  11165686343                 11165660540                 
GPU 6           191.127           0.181        0.023        0.070        125864466                   1030176898                  11082092799                 11082203799                 
GPU 7           175.787           0.199        0.012        0.070        9741036896                  2049276509                  1974564018                  9689027999                  
GPU 0           166.648           0.170        0.018        0.063        2813473242                  8274585756                  10351361230                 4837282772                  
GPU 1           186.189           0.181        0.023        0.068        67415557                    896344636                   11954206222                 11957741815                 
GPU 2           176.463           0.171        0.016        0.064        68532723                    838118833                   16774921530                 16774919784                 
GPU 3           162.828           0.185        0.022        0.068        8122049240                  4026420190                  5698838488                  9960621615                  
GPU 4           166.591           0.166        0.016        0.064        2225752153                  7878347692                  10624315662                 2823947849                  
GPU 5           180.793           0.178        0.016        0.070        64584687                    794335107                   15636965918                 15636998938                 
GPU 6           182.138           0.170        0.016        0.065        79356200                    1070836684                  16276685611                 16276683863                 
GPU 7           166.322           0.178        0.017        0.080        7974868019                  2672886544                  6246264454                  10093866618                 
GPU 0           175.640           0.201        0.016        0.081        1721187223                  12080686038                 9813561126                  1281555490                  
GPU 1           190.753           0.184        0.015        0.072        105166313                   1258644265                  10334504235                 10334504235                 
GPU 2           184.317           0.206        0.016        0.084        116030463                   1475770586                  11568067517                 11567645300                 
GPU 3           170.856           0.178        0.016        0.066        7695254019                  2055576215                  1350510563                  9426710223                  
GPU 4           175.738           0.213        0.017        0.086        1736550179                  12612823164                 10479630855                 1213180183                  
GPU 5           190.806           0.208        0.016        0.085        140076926                   959662929                   11158823717                 11158513423                 
GPU 6           191.591           0.210        0.016        0.086        86732344                    1823353927                  11483928579                 11479739153                 
GPU 7           176.121           0.180        0.015        0.069        8263388874                  2461815796                  2266701441                  9087256991                  
GPU 0           165.062           0.173        0.015        0.065        1859729134                  8683942476                  7720117715                  2058392965                  
GPU 1           180.442           0.189        0.015        0.075        72223763                    1311721707                  10273529476                 10273529476                 
GPU 2           175.440           0.172        0.014        0.065        74452557                    912661983                   9566728560                  9567730611                  
GPU 3           164.436           0.200        0.015        0.080        9746870704                  3445136752                  4713467393                  9371922003                  
GPU 4           168.441           0.157        0.015        0.060        2179366444                  7227600252                  7292230907                  2833282768                  
GPU 5           182.602           0.172        0.016        0.065        71475408                    1767984784                  11142386395                 11144486886                 
GPU 6           182.269           0.164        0.014        0.061        142480818                   995665788                   10023644803                 10023765874                 
GPU 7           166.139           0.191        0.015        0.076        9285146265                  2418386490                  1541672163                  9778298826                  
GPU 0           175.611           0.177        0.025        0.066        4448906956                  9091656946                  10507955949                 6754388006                  
GPU 1           197.989           0.186        0.025        0.070        93335260                    970674745                   17518782307                 17518781783                 
GPU 2           185.967           0.184        0.025        0.069        65074135                    880093696                   17307123532                 17306237734                 
GPU 3           172.910           0.181        0.020        0.067        7971552759                  3659726432                  5105985918                  9458554266                  
GPU 4           175.804           0.183        0.023        0.070        3800845053                  9433889838                  10364700224                 5466986601                  
GPU 5           191.219           0.184        0.024        0.070        57357842                    858034540                   16849212700                 16847295848                 
GPU 6           191.660           0.181        0.025        0.070        80302644                    973415665                   17151212195                 17152137428                 
GPU 7           174.497           0.175        0.021        0.065        7928977772                  4082998371                  5681988539                  8998084662                  
GPU 0           176.220           0.182        0.017        0.071        2317652068                  9407985325                  8956726522                  2773511873                  
GPU 1           188.270           0.177        0.017        0.068        177340457                   1164029420                  11224873245                 11217575458                 
GPU 2           183.347           0.192        0.017        0.076        89432216                    1079146685                  12001196134                 12001195086                 
GPU 3           172.894           0.179        0.021        0.066        7873180023                  1925918407                  298776825                   10400659132                 
GPU 4           175.992           0.197        0.018        0.078        2397046572                  10636816942                 9835005496                  2702063643                  
GPU 5           192.234           0.210        0.015        0.087        140792574                   699681822                   10370067480                 10370067480                 
GPU 6           193.210           0.203        0.016        0.083        72072854                    1581731260                  10886661674                 10885402537                 
GPU 7           176.353           0.174        0.018        0.066        7879050630                  3181719127                  4066239671                  10714775423                 
