#Entity         POWER             SMACT        TENSO        DRAMA        PCITX                       PCIRX                       
ID               W                                                                                                               
GPU 0           122.121           N/A          N/A          N/A          N/A                         N/A                         
GPU 1           118.698           N/A          N/A          N/A          N/A                         N/A                         
GPU 2           117.645           N/A          N/A          N/A          N/A                         N/A                         
GPU 3           118.603           N/A          N/A          N/A          N/A                         N/A                         
GPU 4           71.548            N/A          N/A          N/A          N/A                         N/A                         
GPU 5           73.722            N/A          N/A          N/A          N/A                         N/A                         
GPU 6           73.571            N/A          N/A          N/A          N/A                         N/A                         
GPU 7           73.238            N/A          N/A          N/A          N/A                         N/A                         
GPU 0           105.909           0.000        0.000        0.000        2641451                     2122875                     
GPU 1           106.785           0.000        0.000        0.000        2859569                     2301732                     
GPU 2           106.448           0.000        0.000        0.000        2951918                     2379504                     
GPU 3           105.257           0.000        0.000        0.000        1096351                     784480                      
GPU 4           71.547            0.000        0.000        0.000        2169968                     1758583                     
GPU 5           73.658            0.000        0.000        0.000        2162313                     1738308                     
GPU 6           73.585            0.000        0.000        0.000        2174876                     1763858                     
GPU 7           73.233            0.000        0.000        0.000        2030988                     1630241                     
GPU 0           105.505           0.000        0.000        0.000        508421                      298762                      
GPU 1           106.453           0.000        0.000        0.000        586384                      375417                      
GPU 2           106.192           0.000        0.000        0.000        506345                      303492                      
GPU 3           104.941           0.000        0.000        0.000        4055424                     3341958                     
GPU 4           71.539            0.000        0.000        0.000        1703830                     1370506                     
GPU 5           73.583            0.000        0.000        0.000        1682784                     1348428                     
GPU 6           73.596            0.000        0.000        0.000        1656100                     1330645                     
GPU 7           73.244            0.000        0.000        0.000        1577354                     1259787                     
GPU 0           105.505           0.000        0.000        0.000        5832966                     298762                      
GPU 1           106.226           0.000        0.000        0.000        3525567                     375417                      
GPU 2           106.192           0.000        0.000        0.000        5745310                     303492                      
GPU 3           104.513           0.000        0.000        0.000        4055424                     1223670                     
GPU 4           71.539            0.000        0.000        0.000        5073811                     4344143                     
GPU 5           73.583            0.000        0.000        0.000        1682784                     4724632                     
GPU 6           73.596            0.000        0.000        0.000        4892285                     4192094                     
GPU 7           73.244            0.000        0.000        0.000        5401656                     1259787                     
GPU 0           104.836           0.000        0.000        0.000        6813168                     5663029                     
GPU 1           106.005           0.000        0.000        0.000        7971301                     3455513                     
GPU 2           105.354           0.000        0.000        0.000        5288978                     4377616                     
GPU 3           104.245           0.000        0.000        0.000        6325295                     5774273                     
GPU 4           71.539            0.000        0.000        0.000        6091401                     5238185                     
GPU 5           73.706            0.000        0.000        0.000        5496552                     4539097                     
GPU 6           73.590            0.000        0.000        0.000        5768507                     4950647                     
GPU 7           73.241            0.000        0.000        0.000        5065799                     4646634                     
GPU 0           104.502           0.000        0.000        0.000        5052200                     4131037                     
GPU 1           105.849           0.000        0.000        0.000        4198714                     5504455                     
GPU 2           105.354           0.000        0.000        0.000        6475795                     5407852                     
GPU 3           103.962           0.000        0.000        0.000        5960848                     5255136                     
GPU 4           71.551            0.000        0.000        0.000        5721952                     4891741                     
GPU 5           73.565            0.000        0.000        0.000        5308305                     5393227                     
GPU 6           73.608            0.000        0.000        0.000        5573743                     5290660                     
GPU 7           73.240            0.000        0.000        0.000        5495990                     4326204                     
GPU 0           104.313           0.000        0.000        0.000        4570479                     3821617                     
GPU 1           105.314           0.000        0.000        0.000        578674                      368485                      
GPU 2           104.952           0.000        0.000        0.000        612668                      408833                      
GPU 3           103.757           0.000        0.000        0.000        565564                      361667                      
GPU 4           71.546            0.000        0.000        0.000        2256195                     1861557                     
GPU 5           73.561            0.000        0.000        0.000        3636877                     3074401                     
GPU 6           73.604            0.000        0.000        0.000        2201162                     1811242                     
GPU 7           73.244            0.000        0.000        0.000        7532537                     6484441                     
GPU 0           104.218           0.000        0.000        0.000        3301961                     2715819                     
GPU 1           105.299           0.000        0.000        0.000        4130892                     3455776                     
GPU 2           104.600           0.000        0.000        0.000        3871901                     3218285                     
GPU 3           103.567           0.000        0.000        0.000        4162324                     3502936                     
GPU 4           71.554            0.000        0.000        0.000        4429487                     3777013                     
GPU 5           73.610            0.000        0.000        0.000        3777364                     3171385                     
GPU 6           73.607            0.000        0.000        0.000        4491390                     3858822                     
GPU 7           73.259            0.000        0.000        0.000        586766                      392399                      
GPU 0           103.905           0.000        0.000        0.000        605382                      2882347                     
GPU 1           105.299           0.000        0.000        0.000        4130892                     2155310                     
GPU 2           104.563           0.000        0.000        0.000        487461                      284614                      
GPU 3           103.420           0.000        0.000        0.000        2733847                     3502936                     
GPU 4           71.554            0.000        0.000        0.000        718870                      485216                      
GPU 5           73.610            0.000        0.000        0.000        3777364                     405233                      
GPU 6           73.607            0.000        0.000        0.000        4491390                     1875294                     
GPU 7           73.238            0.000        0.000        0.000        1830787                     392399                      
GPU 0           103.824           0.000        0.000        0.000        4536971                     3733461                     
GPU 1           104.658           0.000        0.000        0.000        4309625                     3576852                     
GPU 2           104.420           0.000        0.000        0.000        6981727                     5853199                     
GPU 3           103.347           0.000        0.000        0.000        4381385                     3627220                     
GPU 4           71.543            0.000        0.000        0.000        6869681                     5914750                     
GPU 5           73.637            0.000        0.000        0.000        4606347                     3881737                     
GPU 6           73.592            0.000        0.000        0.000        4950948                     4249734                     
GPU 7           73.251            0.000        0.000        0.000        6955294                     5988917                     
GPU 0           103.606           0.000        0.000        0.000        4536971                     2255311                     
GPU 1           104.658           0.000        0.000        0.000        4309625                     2228404                     
GPU 2           104.129           0.000        0.000        0.000        3416140                     2795240                     
GPU 3           102.977           0.000        0.000        0.000        2723351                     3627220                     
GPU 4           71.552            0.000        0.000        0.000        1732076                     1389853                     
GPU 5           73.600            0.000        0.000        0.000        3307480                     3143422                     
GPU 6           73.603            0.000        0.000        0.000        4950948                     438317                      
GPU 7           73.237            0.000        0.000        0.000        515705                      316550                      
GPU 0           103.377           0.000        0.000        0.000        594253                      380662                      
GPU 1           104.524           0.000        0.000        0.000        506862                      306633                      
GPU 2           104.046           0.000        0.000        0.000        518393                      308205                      
GPU 3           102.933           0.000        0.000        0.000        513674                      310301                      
GPU 4           71.564            0.000        0.000        0.000        4205146                     3558079                     
GPU 5           73.588            0.000        0.000        0.000        568040                      358955                      
GPU 6           73.604            0.000        0.000        0.000        4093832                     3476060                     
GPU 7           73.262            0.000        0.000        0.000        4225230                     3592730                     
GPU 0           103.334           0.000        0.000        0.000        3864266                     3199694                     
GPU 1           104.542           0.000        0.000        0.000        4104604                     3427929                     
GPU 2           104.003           0.000        0.000        0.000        4104614                     3434227                     
GPU 3           102.726           0.000        0.000        0.000        4040171                     3363489                     
GPU 4           71.549            0.000        0.000        0.000        302537                      122444                      
GPU 5           73.616            0.000        0.000        0.000        4439365                     3788552                     
GPU 6           73.600            0.000        0.000        0.000        2415435                     1984277                     
GPU 7           73.235            0.000        0.000        0.000        1113492                     821800                      
GPU 0           103.334           0.000        0.002        0.000        3864266                     3199694                     
GPU 1           104.542           0.000        0.000        0.000        4104604                     3427929                     
GPU 2           104.003           0.000        0.000        0.045        2570891                     3434227                     
GPU 3           102.726           0.000        0.047        0.000        4040171                     3363489                     
GPU 4           71.549            0.000        0.000        0.000        302537                      4215944                     
GPU 5           73.616            0.000        0.000        0.000        4439365                     3788552                     
GPU 6           73.600            0.000        0.000        0.000        2415435                     1984277                     
GPU 7           73.235            0.000        0.000        0.000        3628185                     821800                      
GPU 0           296.369           0.029        0.156        0.005        1134746                     5450975                     
GPU 1           333.204           0.242        0.060        0.077        7217433                     35945658                    
GPU 2           320.243           0.117        0.208        0.176        10240616                    17407355                    
GPU 3           350.644           0.210        0.200        0.066        5414372                     31908225                    
GPU 4           71.201            0.000        0.000        0.000        1550789                     2098189                     
GPU 5           73.690            0.000        0.000        0.000        2469602                     2016201                     
GPU 6           73.220            0.000        0.000        0.000        2160983                     3548029                     
GPU 7           73.345            0.000        0.000        0.000        2983049                     2485716                     
#Entity         POWER             SMACT        TENSO        DRAMA        PCITX                       PCIRX                       
ID               W                                                                                                               
GPU 0           370.419           0.507        0.084        0.163        12711231                    66618405                    
GPU 1           370.927           0.515        0.149        0.174        9273684                     63762737                    
GPU 2           352.877           0.576        0.044        0.205        12746685                    52393403                    
GPU 3           275.750           0.546        0.040        0.163        11564922                    64119651                    
GPU 4           71.320            0.000        0.000        0.000        4540582                     1244195                     
GPU 5           73.709            0.000        0.000        0.000        1178123                     912416                      
GPU 6           73.610            0.000        0.000        0.000        4182167                     342746                      
GPU 7           73.436            0.000        0.000        0.000        1443994                     1156244                     
GPU 0           302.187           0.474        0.046        0.194        12742405                    69489937                    
GPU 1           309.400           0.472        0.044        0.223        14457751                    74797088                    
GPU 2           284.692           0.433        0.045        0.231        10873511                    69520664                    
GPU 3           280.794           0.465        0.043        0.211        13867178                    73808055                    
GPU 4           71.723            0.000        0.000        0.000        267279                      3884964                     
GPU 5           73.780            0.000        0.000        0.000        4592736                     3941871                     
GPU 6           73.699            0.000        0.000        0.000        534558                      3939619                     
GPU 7           73.379            0.000        0.000        0.000        4505920                     3867608                     
GPU 0           281.342           0.472        0.046        0.233        13434680                    73469689                    
GPU 1           316.738           0.477        0.046        0.231        13188604                    70364845                    
GPU 2           287.884           0.481        0.046        0.233        14457831                    75494265                    
GPU 3           265.290           0.475        0.041        0.225        10826815                    71620807                    
GPU 4           71.782            0.000        0.000        0.000        5593274                     88140                       
GPU 5           73.811            0.000        0.000        0.000        2066576                     1663111                     
GPU 6           73.736            0.000        0.000        0.000        1807167                     1441467                     
GPU 7           73.308            0.000        0.000        0.000        2069325                     1680125                     
GPU 0           281.342           0.336        0.064        0.145        8175231                     67774918                    
GPU 1           290.321           0.391        0.047        0.166        9289823                     70364845                    
GPU 2           275.795           0.414        0.059        0.148        8628347                     70272053                    
GPU 3           291.216           0.464        0.074        0.214        14210306                    75062807                    
GPU 4           71.480            0.000        0.000        0.000        1113226                     4826803                     
GPU 5           73.930            0.000        0.000        0.000        1717230                     1378710                     
GPU 6           73.630            0.000        0.000        0.000        2214789                     1829061                     
GPU 7           73.275            0.000        0.000        0.000        1634594                     1318576                     
GPU 0           305.010           0.453        0.058        0.205        13761439                    74198262                    
GPU 1           328.700           0.439        0.073        0.174        12481314                    72186455                    
GPU 2           307.218           0.483        0.063        0.201        14024744                    75945134                    
GPU 3           276.176           0.419        0.041        0.148        8310654                     69854946                    
GPU 4           71.581            0.000        0.000        0.000        3728023                     821490                      
GPU 5           73.677            0.000        0.000        0.000        4363028                     3703281                     
GPU 6           73.768            0.000        0.000        0.000        4133082                     3518910                     
GPU 7           73.288            0.000        0.000        0.000        4307613                     3670982                     
GPU 0           305.319           0.482        0.043        0.232        11900408                    72596255                    
GPU 1           313.748           0.484        0.041        0.227        10754854                    74913552                    
GPU 2           286.934           0.489        0.042        0.230        12115498                    73949452                    
GPU 3           279.860           0.484        0.039        0.224        13330737                    74583676                    
GPU 4           71.661            0.000        0.000        0.000        2782411                     2305494                     
GPU 5           73.705            0.000        0.000        0.000        2097095                     1700798                     
GPU 6           73.656            0.000        0.000        0.000        477969                      282483                      
GPU 7           73.369            0.000        0.000        0.000        2034607                     1649106                     
GPU 0           276.880           0.484        0.043        0.234        13237222                    73859052                    
GPU 1           296.916           0.488        0.042        0.231        14249034                    71485108                    
GPU 2           274.683           0.490        0.042        0.233        13025009                    74692447                    
GPU 3           269.767           0.470        0.039        0.211        10578644                    72085191                    
GPU 4           71.697            0.000        0.000        0.000        1782398                     1452227                     
GPU 5           73.716            0.000        0.000        0.000        1678933                     1355618                     
GPU 6           73.630            0.000        0.000        0.000        4573643                     3933217                     
GPU 7           73.294            0.000        0.000        0.000        1672033                     1363309                     
GPU 0           283.803           0.346        0.051        0.155        11350020                    71752721                    
GPU 1           280.955           0.447        0.040        0.201        10059488                    74914787                    
GPU 2           266.508           0.418        0.052        0.136        12115363                    74622399                    
GPU 3           261.050           0.402        0.054        0.123        12250769                    74985856                    
GPU 4           71.664            0.000        0.000        0.000        4571510                     3922705                     
GPU 5           73.735            0.000        0.000        0.000        4655581                     4006818                     
GPU 6           73.509            0.000        0.000        0.000        1242041                     941417                      
GPU 7           73.060            0.000        0.000        0.000        4556471                     3929727                     
GPU 0           283.803           0.459        0.051        0.232        11350020                    80414740                    
GPU 1           280.955           0.447        0.046        0.252        10059488                    74914787                    
GPU 2           266.508           0.418        0.052        0.136        12115363                    84464270                    
GPU 3           261.050           0.402        0.054        0.123        12391108                    74985856                    
GPU 4           71.664            0.000        0.000        0.000        4571510                     3922705                     
GPU 5           73.735            0.000        0.000        0.000        4655581                     4006818                     
GPU 6           73.509            0.000        0.000        0.000        1242041                     941417                      
GPU 7           73.221            0.000        0.000        0.000        4556471                     3929727                     
GPU 0           294.251           0.362        0.049        0.179        11373193                    78459750                    
GPU 1           301.660           0.522        0.052        0.132        15033728                    87045302                    
GPU 2           277.059           0.507        0.048        0.232        12102110                    83611348                    
GPU 3           273.643           0.515        0.047        0.132        14468060                    85560229                    
GPU 4           71.451            0.000        0.000        0.000        2162000                     1764050                     
GPU 5           73.484            0.000        0.000        0.000        2172251                     1761483                     
GPU 6           73.322            0.000        0.000        0.000        2834814                     2370840                     
GPU 7           73.251            0.000        0.000        0.000        2113604                     1715338                     
GPU 0           284.362           0.415        0.045        0.201        13403990                    75549233                    
GPU 1           300.883           0.390        0.044        0.232        10268141                    89051477                    
GPU 2           288.290           0.450        0.045        0.174        14255704                    93059247                    
GPU 3           270.611           0.405        0.050        0.208        12239472                    89028623                    
GPU 4           71.491            0.000        0.000        0.000        1967670                     1622935                     
GPU 5           73.726            0.000        0.000        0.000        1723198                     1396692                     
GPU 6           73.594            0.000        0.000        0.000        1717946                     1397731                     
GPU 7           73.350            0.000        0.000        0.000        1679315                     1371126                     
GPU 0           296.842           0.383        0.053        0.185        10039552                    78973884                    
GPU 1           310.815           0.486        0.053        0.120        14685957                    85114967                    
GPU 2           259.507           0.487        0.050        0.213        12279612                    81232782                    
GPU 3           278.909           0.476        0.046        0.140        12081969                    82012769                    
GPU 4           71.273            0.000        0.000        0.000        4331574                     3701775                     
GPU 5           73.839            0.000        0.000        0.000        4625197                     3968048                     
GPU 6           73.539            0.000        0.000        0.000        4571429                     3941502                     
GPU 7           73.282            0.000        0.000        0.000        4556867                     3927972                     
GPU 0           287.329           0.352        0.048        0.153        11549983                    73363879                    
GPU 1           301.367           0.389        0.046        0.184        8235437                     72002715                    
GPU 2           281.386           0.432        0.048        0.151        12516951                    77772484                    
GPU 3           279.881           0.435        0.049        0.161        13256605                    78015485                    
GPU 4           71.378            0.000        0.000        0.000        541912                      352190                      
GPU 5           73.711            0.000        0.000        0.000        673253                      423948                      
GPU 6           73.578            0.000        0.000        0.000        1436357                     1118914                     
GPU 7           73.494            0.000        0.000        0.000        1821568                     1452293                     
GPU 0           249.704           0.407        0.031        0.147        9807793                     69670183                    
GPU 1           253.298           0.399        0.026        0.114        12494755                    68227767                    
GPU 2           281.386           0.424        0.032        0.157        10129545                    71214476                    
GPU 3           237.325           0.409        0.031        0.161        10004415                    70916623                    
GPU 4           71.378            0.000        0.000        0.000        4519159                     3868249                     
GPU 5           73.711            0.000        0.000        0.000        4890828                     4209453                     
GPU 6           73.454            0.000        0.000        0.000        3441918                     2927759                     
GPU 7           73.256            0.000        0.000        0.000        1989421                     1630424                     
#Entity         POWER             SMACT        TENSO        DRAMA        PCITX                       PCIRX                       
ID               W                                                                                                               
GPU 0           206.329           0.344        0.024        0.077        12482569                    68124329                    
GPU 1           211.823           0.228        0.029        0.078        6758133                     50863549                    
GPU 2           219.618           0.347        0.025        0.081        12255746                    67807445                    
GPU 3           202.150           0.344        0.023        0.077        12358126                    68750597                    
GPU 4           71.540            0.000        0.000        0.000        1115656                     824407                      
GPU 5           73.536            0.000        0.000        0.000        2757170                     2268216                     
GPU 6           73.712            0.000        0.000        0.000        2697531                     2222057                     
GPU 7           73.058            0.000        0.000        0.000        4325176                     3695240                     
GPU 0           206.329           0.344        0.027        0.077        11686166                    68124329                    
GPU 1           241.448           0.237        0.029        0.078        8948169                     50863549                    
GPU 2           219.618           0.369        0.025        0.104        11285648                    67807445                    
GPU 3           202.150           0.363        0.023        0.077        12358126                    70629982                    
GPU 4           71.540            0.000        0.000        0.000        1115656                     1801859                     
GPU 5           73.536            0.000        0.000        0.000        1257659                     974686                      
GPU 6           73.669            0.000        0.000        0.000        1645298                     2222057                     
GPU 7           73.058            0.000        0.000        0.000        233895                      42872                       
GPU 0           243.058           0.415        0.030        0.147        12633993                    112239563                   
GPU 1           251.259           0.286        0.030        0.144        7403582                     55119113                    
GPU 2           239.650           0.428        0.031        0.158        12806222                    109440136                   
GPU 3           231.775           0.446        0.033        0.176        13664113                    77424153                    
GPU 4           71.500            0.000        0.000        0.000        2301795                     1909253                     
GPU 5           73.689            0.000        0.000        0.000        4218267                     3576881                     
GPU 6           73.797            0.000        0.000        0.000        4407347                     3769041                     
GPU 7           73.016            0.000        0.000        0.000        4892785                     4215447                     
GPU 0           232.107           0.359        0.035        0.093        12430955                    69543652                    
GPU 1           230.621           0.205        0.035        0.093        9128138                     48309223                    
GPU 2           220.033           0.366        0.034        0.093        11988272                    67274898                    
GPU 3           225.455           0.356        0.029        0.083        14194646                    112186658                   
GPU 4           71.610            0.000        0.000        0.000        4237715                     3599385                     
GPU 5           73.746            0.000        0.000        0.000        492038                      289249                      
GPU 6           73.724            0.000        0.000        0.000        249181                      61938                       
GPU 7           73.237            0.000        0.000        0.000        1211080                     912360                      
GPU 0           232.107           0.359        0.035        0.093        12430955                    69543652                    
GPU 1           230.621           0.205        0.035        0.093        5217157                     48309223                    
GPU 2           220.033           0.366        0.034        0.093        11988272                    67274898                    
GPU 3           225.455           0.356        0.029        0.083        14194646                    62573427                    
GPU 4           71.610            0.000        0.000        0.000        4237715                     3599385                     
GPU 5           73.746            0.000        0.000        0.000        4519908                     289249                      
GPU 6           73.723            0.000        0.000        0.000        249181                      61938                       
GPU 7           73.237            0.000        0.000        0.000        1211080                     3115109                     
GPU 0           208.104           0.340        0.022        0.074        11640712                    64417105                    
GPU 1           281.107           0.417        0.024        0.076        12606790                    43705962                    
GPU 2           194.462           0.240        0.023        0.078        7680968                     47552194                    
GPU 3           201.693           0.391        0.031        0.078        8699168                     71560813                    
GPU 4           71.685            0.000        0.000        0.000        1866774                     1508653                     
GPU 5           73.795            0.000        0.000        0.000        2283914                     1858250                     
GPU 6           73.615            0.000        0.000        0.000        2049982                     1650380                     
GPU 7           73.210            0.000        0.000        0.000        2431186                     1988342                     
GPU 0           256.443           0.485        0.040        0.220        11640712                    77260633                    
GPU 1           281.107           0.417        0.036        0.197        8605857                     67242624                    
GPU 2           248.357           0.343        0.032        0.176        8372345                     60384135                    
GPU 3           242.001           0.391        0.024        0.121        13165277                    102374382                   
GPU 4           71.514            0.000        0.000        0.000        2292361                     1896150                     
GPU 5           73.470            0.000        0.000        0.000        1983039                     1615659                     
GPU 6           73.679            0.000        0.000        0.000        2049982                     1850022                     
GPU 7           73.227            0.000        0.000        0.000        2170711                     1790234                     
GPU 0           245.905           0.362        0.043        0.096        12616005                    97756774                    
GPU 1           217.116           0.175        0.041        0.091        5192255                     48273230                    
GPU 2           245.827           0.289        0.049        0.107        9106584                     49068955                    
GPU 3           233.283           0.363        0.032        0.136        11672867                    66292732                    
GPU 4           71.617            0.000        0.000        0.000        4218814                     3580489                     
GPU 5           73.591            0.000        0.000        0.000        4162502                     3512684                     
GPU 6           73.681            0.000        0.000        0.000        4194443                     3578322                     
GPU 7           73.324            0.000        0.000        0.000        4338828                     3696310                     
GPU 0           220.571           0.350        0.028        0.081        12789703                    128405615                   
GPU 1           223.314           0.228        0.025        0.104        9039391                     51042638                    
GPU 2           214.638           0.272        0.023        0.075        5768073                     45378485                    
GPU 3           211.650           0.354        0.023        0.086        14935948                    120518044                   
GPU 4           71.399            0.000        0.000        0.000        1226267                     949646                      
GPU 5           73.867            0.000        0.000        0.000        543935                      342186                      
GPU 6           73.658            0.000        0.000        0.000        2131231                     1738196                     
GPU 7           73.299            0.000        0.000        0.000        1726999                     1375171                     
GPU 0           253.760           0.368        0.021        0.101        9896351                     68673447                    
GPU 1           254.703           0.355        0.033        0.155        7781833                     57846988                    
GPU 2           242.741           0.340        0.032        0.174        12329689                    64408395                    
GPU 3           237.785           0.435        0.032        0.165        10633602                    73875995                    
GPU 4           71.608            0.000        0.000        0.000        4207605                     3611478                     
GPU 5           73.527            0.000        0.000        0.000        4495842                     3840253                     
GPU 6           73.613            0.000        0.000        0.000        1679323                     1362746                     
GPU 7           73.199            0.000        0.000        0.000        2185414                     1808076                     
GPU 0           238.439           0.419        0.032        0.151        12782426                    70235586                    
GPU 1           244.088           0.258        0.039        0.102        9470313                     50210113                    
GPU 2           232.810           0.236        0.030        0.112        8810816                     52206525                    
GPU 3           224.995           0.385        0.039        0.104        12797308                    68132023                    
GPU 4           71.353            0.000        0.000        0.000        2218306                     1800944                     
GPU 5           73.568            0.000        0.000        0.000        716941                      463987                      
GPU 6           73.665            0.000        0.000        0.000        4392569                     3759826                     
GPU 7           73.143            0.000        0.000        0.000        4137610                     3518750                     
GPU 0           209.020           0.271        0.023        0.096        12782426                    57509589                    
GPU 1           244.088           0.258        0.023        0.092        9470313                     50398979                    
GPU 2           201.814           0.242        0.040        0.097        5525713                     45647739                    
GPU 3           203.026           0.385        0.023        0.089        10978562                    68132023                    
GPU 4           71.656            0.000        0.000        0.000        2296576                     1900886                     
GPU 5           73.900            0.000        0.000        0.000        716941                      3734104                     
GPU 6           73.665            0.000        0.000        0.000        4392569                     62413                       
GPU 7           73.396            0.000        0.000        0.000        482682                      3518750                     
GPU 0           256.263           0.337        0.032        0.174        8261162                     58652221                    
GPU 1           259.172           0.347        0.031        0.156        8085149                     58695690                    
GPU 2           246.022           0.324        0.021        0.096        9601897                     52332727                    
GPU 3           239.559           0.424        0.030        0.154        10706622                    72271406                    
GPU 4           71.495            0.000        0.000        0.000        4248110                     3612491                     
GPU 5           73.745            0.000        0.000        0.000        1437920                     1128222                     
GPU 6           73.543            0.000        0.000        0.000        4931019                     4236903                     
GPU 7           73.071            0.000        0.000        0.000        4419540                     3784882                     
GPU 0           221.069           0.346        0.021        0.075        11102792                    64034967                    
GPU 1           231.943           0.228        0.035        0.097        9275875                     49446878                    
GPU 2           222.943           0.355        0.031        0.158        8232313                     59568576                    
GPU 3           207.548           0.353        0.021        0.081        12247960                    67387105                    
GPU 4           71.525            0.000        0.000        0.000        1379222                     1063897                     
GPU 5           73.672            0.000        0.000        0.000        4492639                     3841775                     
GPU 6           73.740            0.000        0.000        0.000        2048279                     1651725                     
GPU 7           73.208            0.000        0.000        0.000        1585619                     1241944                     
#Entity         POWER             SMACT        TENSO        DRAMA        PCITX                       PCIRX                       
ID               W                                                                                                               
GPU 0           221.069           0.346        0.046        0.075        11102792                    64034967                    
GPU 1           231.943           0.228        0.035        0.097        9275875                     49446878                    
GPU 2           222.943           0.209        0.031        0.091        9201962                     59568576                    
GPU 3           207.548           0.353        0.043        0.081        12247960                    67387105                    
GPU 4           71.525            0.000        0.000        0.000        1379222                     3589216                     
GPU 5           73.672            0.000        0.000        0.000        4492639                     3841775                     
GPU 6           73.740            0.000        0.000        0.000        2048279                     1651725                     
GPU 7           73.208            0.000        0.000        0.000        3380041                     1241944                     
GPU 0           214.042           0.382        0.022        0.111        8779194                     65102619                    
GPU 1           220.599           0.309        0.029        0.087        9899663                     59600987                    
GPU 2           207.412           0.263        0.024        0.099        6641222                     47451645                    
GPU 3           218.284           0.378        0.019        0.106        8617927                     64868643                    
GPU 4           71.580            0.000        0.000        0.000        3279015                     2747696                     
GPU 5           73.681            0.000        0.000        0.000        2259910                     1835805                     
GPU 6           73.469            0.000        0.000        0.000        2228357                     3686916                     
GPU 7           73.424            0.000        0.000        0.000        2425852                     1984597                     
GPU 0           264.374           0.349        0.043        0.076        12625311                    66290090                    
GPU 1           282.789           0.447        0.044        0.169        10488296                    72923848                    
GPU 2           265.980           0.231        0.045        0.151        10420062                    53458760                    
GPU 3           249.516           0.350        0.043        0.079        13287547                    68245280                    
GPU 4           71.363            0.000        0.000        0.000        568917                      378501                      
GPU 5           73.589            0.000        0.000        0.000        1411652                     1105113                     
GPU 6           73.645            0.000        0.000        0.000        4332585                     133877                      
GPU 7           72.995            0.000        0.000        0.000        2190653                     1809123                     
GPU 0           251.293           0.437        0.025        0.165        12550154                    71909417                    
GPU 1           243.847           0.388        0.029        0.122        12349685                    64836505                    
GPU 2           235.140           0.326        0.022        0.099        5966072                     57965942                    
GPU 3           196.336           0.435        0.020        0.159        12386161                    71394253                    
GPU 4           71.509            0.000        0.000        0.000        4422708                     3764988                     
GPU 5           73.506            0.000        0.000        0.000        4511694                     3862676                     
GPU 6           73.435            0.000        0.000        0.000        314445                      4238608                     
GPU 7           73.074            0.000        0.000        0.000        4123948                     3497678                     
GPU 0           208.235           0.374        0.022        0.113        11085766                    60487642                    
GPU 1           219.153           0.351        0.019        0.085        7620197                     57877385                    
GPU 2           201.185           0.210        0.023        0.098        9549273                     48160453                    
GPU 3           217.155           0.358        0.023        0.092        7882913                     58452317                    
GPU 4           71.344            0.000        0.000        0.000        286679                      109011                      
GPU 5           73.485            0.000        0.000        0.000        1686616                     1320546                     
GPU 6           73.646            0.000        0.000        0.000        2066458                     1679526                     
GPU 7           73.134            0.000        0.000        0.000        2112350                     1719948                     
GPU 0           230.974           0.357        0.028        0.092        8795245                     61090163                    
GPU 1           241.884           0.385        0.026        0.120        12521371                    65488700                    
GPU 2           230.238           0.211        0.023        0.127        6693581                     51321318                    
GPU 3           217.155           0.369        0.023        0.102        11785064                    63998448                    
GPU 4           71.686            0.000        0.000        0.000        4523029                     3880026                     
GPU 5           73.415            0.000        0.000        0.000        2967770                     2496488                     
GPU 6           73.550            0.000        0.000        0.000        2058806                     1679526                     
GPU 7           73.127            0.000        0.000        0.000        1640398                     1321752                     
GPU 0           220.864           0.390        0.023        0.129        11756571                    62129587                    
GPU 1           232.335           0.375        0.023        0.112        10885413                    62971873                    
GPU 2           211.748           0.268        0.024        0.111        10125390                    51933825                    
GPU 3           245.305           0.377        0.025        0.114        8139910                     61063148                    
GPU 4           71.579            0.000        0.000        0.000        2837145                     1659109                     
GPU 5           73.682            0.000        0.000        0.000        3683705                     3092216                     
GPU 6           73.707            0.000        0.000        0.000        4406271                     3771638                     
GPU 7           73.179            0.000        0.000        0.000        4401539                     3766384                     
GPU 0           265.405           0.370        0.034        0.110        11926164                    63325131                    
GPU 1           288.473           0.423        0.033        0.162        9411126                     64818695                    
GPU 2           248.762           0.411        0.024        0.197        11608852                    53201931                    
GPU 3           245.305           0.450        0.033        0.117        12862655                    69413508                    
GPU 4           71.497            0.000        0.000        0.000        2837145                     3168798                     
GPU 5           73.536            0.000        0.000        0.000        667073                      451702                      
GPU 6           73.625            0.000        0.000        0.000        257423                      3771638                     
GPU 7           73.225            0.000        0.000        0.000        1042465                     759878                      
GPU 0           279.005           0.436        0.028        0.181        9124246                     67885006                    
GPU 1           242.495           0.448        0.034        0.191        13900314                    70954335                    
GPU 2           263.089           0.280        0.029        0.136        7040960                     64618460                    
GPU 3           224.783           0.419        0.031        0.190        12010449                    69627935                    
GPU 4           71.542            0.000        0.000        0.000        523564                      334892                      
GPU 5           73.624            0.000        0.000        0.000        4618070                     3931994                     
GPU 6           73.625            0.000        0.000        0.000        4878265                     4183534                     
GPU 7           73.161            0.000        0.000        0.000        4052280                     3469920                     
GPU 0           222.910           0.393        0.028        0.126        12729929                    65817622                    
GPU 1           218.554           0.366        0.028        0.097        9557130                     64326539                    
GPU 2           214.568           0.164        0.026        0.072        8498847                     53269995                    
GPU 3           196.125           0.339        0.024        0.153        10999493                    64195908                    
GPU 4           71.766            0.000        0.000        0.000        4474562                     3842600                     
GPU 5           73.677            0.000        0.000        0.000        1582954                     1242707                     
GPU 6           73.585            0.000        0.000        0.000        2322436                     1894056                     
GPU 7           73.190            0.000        0.000        0.000        2196987                     1779693                     
GPU 0           209.078           0.354        0.028        0.082        10819330                    66708711                    
GPU 1           231.251           0.354        0.023        0.078        12153185                    66482837                    
GPU 2           204.126           0.228        0.028        0.112        8631068                     45472714                    
GPU 3           218.172           0.367        0.027        0.068        11788047                    65677705                    
GPU 4           71.299            0.000        0.000        0.000        2836971                     2348188                     
GPU 5           73.639            0.000        0.000        0.000        3428472                     2895271                     
GPU 6           73.563            0.000        0.000        0.000        1797608                     1461030                     
GPU 7           73.467            0.000        0.000        0.000        2164088                     1785674                     
GPU 0           233.555           0.401        0.027        0.136        10981934                    69925908                    
GPU 1           238.283           0.386        0.025        0.122        11823344                    68209483                    
GPU 2           224.973           0.247        0.025        0.126        7012166                     52811711                    
GPU 3           218.886           0.410        0.029        0.138        13754680                    74434073                    
GPU 4           71.331            0.000        0.000        0.000        523028                      334885                      
GPU 5           73.547            0.000        0.000        0.000        2702172                     2214809                     
GPU 6           73.653            0.000        0.000        0.000        4149756                     3536646                     
GPU 7           73.314            0.000        0.000        0.000        4290094                     3646528                     
GPU 0           238.354           0.362        0.035        0.098        14087354                    108707946                   
GPU 1           248.380           0.391        0.039        0.090        9772737                     149077817                   
GPU 2           226.962           0.232        0.038        0.105        8719312                     49255229                    
GPU 3           231.252           0.358        0.028        0.091        9799127                     65101345                    
GPU 4           71.678            0.000        0.000        0.000        4549694                     3918753                     
GPU 5           73.498            0.000        0.000        0.000        1699423                     1361425                     
GPU 6           73.523            0.000        0.000        0.000        474288                      280380                      
GPU 7           73.215            0.000        0.000        0.000        721925                      490891                      
GPU 0           241.744           0.355        0.032        0.100        10192142                    92385981                    
GPU 1           240.778           0.355        0.029        0.101        16982255                    66699231                    
GPU 2           218.428           0.216        0.031        0.101        5764171                     47705624                    
GPU 3           229.523           0.357        0.025        0.087        11117619                    166954829                   
GPU 4           71.678            0.000        0.000        0.000        701309                      458328                      
GPU 5           73.716            0.000        0.000        0.000        4429832                     3774841                     
GPU 6           73.523            0.000        0.000        0.000        4462059                     1267550                     
GPU 7           73.040            0.000        0.000        0.000        4793830                     4123690                     
#Entity         POWER             SMACT        TENSO        DRAMA        PCITX                       PCIRX                       
ID               W                                                                                                               
GPU 0           243.344           0.368        0.026        0.104        13051146                    70650299                    
GPU 1           242.692           0.357        0.026        0.134        11114791                    71264117                    
GPU 2           230.063           0.205        0.025        0.100        9564964                     52281063                    
GPU 3           226.873           0.345        0.029        0.152        11718587                    75125787                    
GPU 4           71.250            0.000        0.000        0.000        4390636                     3758244                     
GPU 5           73.612            0.000        0.000        0.000        1753664                     1679134                     
GPU 6           73.668            0.000        0.000        0.000        1605505                     2916920                     
GPU 7           73.332            0.000        0.000        0.000        2171002                     1534170                     
GPU 0           398.502           0.445        0.068        0.156        12203148                    70996363                    
GPU 1           274.940           0.403        0.181        0.176        9812455                     66240039                    
GPU 2           405.199           0.409        0.098        0.164        9396135                     55890158                    
GPU 3           382.648           0.421        0.178        0.167        12388775                    66909032                    
GPU 4           71.484            0.000        0.000        0.000        3266599                     2723980                     
GPU 5           73.942            0.000        0.000        0.000        4207631                     1424000                     
GPU 6           73.888            0.000        0.000        0.000        3433096                     1838612                     
GPU 7           73.696            0.000        0.000        0.000        1873292                     3649121                     
GPU 0           243.745           0.513        0.154        0.171        9630978                     62782163                    
GPU 1           406.487           0.544        0.033        0.134        12621991                    62663645                    
GPU 2           405.199           0.393        0.092        0.158        7542556                     53644986                    
GPU 3           225.264           0.534        0.028        0.167        8978155                     66909032                    
GPU 4           71.484            0.000        0.000        0.000        566009                      376757                      
GPU 5           73.942            0.000        0.000        0.000        4207631                     3559376                     
GPU 6           73.888            0.000        0.000        0.000        2242535                     1864879                     
GPU 7           73.100            0.000        0.000        0.000        4287167                     3649121                     
GPU 0           248.652           0.371        0.032        0.117        10865971                    62550390                    
GPU 1           237.388           0.386        0.029        0.122        9045336                     64838649                    
GPU 2           225.067           0.236        0.031        0.110        9119633                     51005343                    
GPU 3           230.559           0.388        0.031        0.113        11795714                    62974446                    
GPU 4           71.669            0.000        0.000        0.000        4237958                     3597653                     
GPU 5           73.650            0.000        0.000        0.000        1600887                     1259898                     
GPU 6           73.560            0.000        0.000        0.000        2243830                     3761007                     
GPU 7           73.152            0.000        0.000        0.000        1768931                     1415354                     
GPU 0           248.652           0.371        0.029        0.117        8734770                     62550390                    
GPU 1           251.752           0.381        0.029        0.122        12666819                    64838649                    
GPU 2           225.067           0.295        0.029        0.131        7474479                     51005343                    
GPU 3           245.719           0.370        0.031        0.113        11795714                    62973195                    
GPU 4           71.669            0.000        0.000        0.000        473291                      284079                      
GPU 5           73.650            0.000        0.000        0.000        3125673                     2628407                     
GPU 6           73.560            0.000        0.000        0.000        4400855                     502677                      
GPU 7           73.152            0.000        0.000        0.000        2202473                     1826658                     
GPU 0           284.055           0.368        0.036        0.128        12917911                    63677820                    
GPU 1           280.612           0.375        0.033        0.152        11709164                    70360400                    
GPU 2           253.755           0.422        0.036        0.174        13399936                    57856723                    
GPU 3           261.001           0.397        0.037        0.145        10076753                    69418304                    
GPU 4           71.485            0.000        0.000        0.000        4510743                     3859838                     
GPU 5           73.613            0.000        0.000        0.000        2462985                     2018170                     
GPU 6           73.549            0.000        0.000        0.000        734582                      4144832                     
GPU 7           72.983            0.000        0.000        0.000        4127765                     3507840                     
GPU 0           284.391           0.357        0.042        0.172        12136475                    72210219                    
GPU 1           297.120           0.421        0.039        0.188        9763076                     74501064                    
GPU 2           265.250           0.446        0.042        0.197        12174028                    74424468                    
GPU 3           264.117           0.437        0.039        0.186        12815349                    73631105                    
GPU 4           71.487            0.000        0.000        0.000        3046007                     2530166                     
GPU 5           73.513            0.000        0.000        0.000        2247069                     1846705                     
GPU 6           73.508            0.000        0.000        0.000        4821553                     1557165                     
GPU 7           73.103            0.000        0.000        0.000        482669                      287714                      
GPU 0           285.177           0.423        0.055        0.205        10594563                    72207421                    
GPU 1           308.411           0.409        0.043        0.187        13415621                    75563927                    
GPU 2           273.469           0.473        0.063        0.191        11025968                    73685441                    
GPU 3           267.858           0.433        0.059        0.204        13846329                    80574449                    
GPU 4           71.449            0.000        0.000        0.000        534043                      346420                      
GPU 5           73.497            0.000        0.000        0.000        4232149                     3592819                     
GPU 6           73.521            0.000        0.000        0.000        1928821                     1855799                     
GPU 7           73.055            0.000        0.000        0.000        4449027                     3832766                     
GPU 0           264.343           0.301        0.047        0.139        11189908                    74085270                    
GPU 1           258.495           0.429        0.043        0.158        9637641                     79677150                    
GPU 2           268.263           0.398        0.041        0.124        11799772                    76585601                    
GPU 3           258.475           0.445        0.044        0.147        13197826                    76905134                    
GPU 4           71.340            0.000        0.000        0.000        4530236                     3887776                     
GPU 5           73.561            0.000        0.000        0.000        1392052                     1081751                     
GPU 6           73.461            0.000        0.000        0.000        2240481                     3562189                     
GPU 7           72.985            0.000        0.000        0.000        1905616                     1523848                     
GPU 0           318.828           0.301        0.050        0.200        10194612                    74085270                    
GPU 1           293.869           0.426        0.043        0.158        13709334                    77052431                    
GPU 2           268.263           0.466        0.049        0.200        10889284                    80605964                    
GPU 3           308.235           0.420        0.078        0.147        13197826                    79630869                    
GPU 4           71.200            0.000        0.000        0.000        721325                      481200                      
GPU 5           73.561            0.000        0.000        0.000        3445287                     2906105                     
GPU 6           73.598            0.000        0.000        0.000        4185231                     950450                      
GPU 7           72.961            0.000        0.000        0.000        2199049                     1816993                     
GPU 0           358.932           0.410        0.112        0.160        12300547                    72348913                    
GPU 1           389.785           0.452        0.147        0.163        12228279                    66289330                    
GPU 2           346.562           0.504        0.124        0.164        12819346                    73499261                    
GPU 3           345.938           0.468        0.142        0.161        8830856                     78119396                    
GPU 4           71.819            0.000        0.000        0.000        4548412                     3925342                     
GPU 5           73.373            0.000        0.000        0.000        3341509                     2796501                     
GPU 6           73.460            0.000        0.000        0.000        1234949                     3679798                     
GPU 7           72.731            0.000        0.000        0.000        4256979                     3629673                     
GPU 0           249.860           0.415        0.099        0.168        11168044                    67895231                    
GPU 1           323.520           0.472        0.033        0.145        8833056                     68472290                    
GPU 2           239.526           0.463        0.087        0.170        10073425                    69372407                    
GPU 3           230.581           0.496        0.031        0.139        12828489                    66771520                    
GPU 4           71.558            0.000        0.000        0.000        3369783                     2829586                     
GPU 5           73.399            0.000        0.000        0.000        1212055                     940613                      
GPU 6           73.460            0.000        0.000        0.000        4262095                     2003409                     
GPU 7           73.127            0.000        0.000        0.000        488974                      296109                      
GPU 0           291.391           0.415        0.033        0.168        8067084                     67895231                    
GPU 1           253.440           0.395        0.033        0.145        12898237                    71786859                    
GPU 2           239.526           0.387        0.032        0.128        11517071                    69372407                    
GPU 3           269.435           0.395        0.043        0.139        12828489                    68992306                    
GPU 4           71.558            0.000        0.000        0.000        570671                      382000                      
GPU 5           73.399            0.000        0.000        0.000        4645613                     3996327                     
GPU 6           73.460            0.000        0.000        0.000        2428389                     1796576                     
GPU 7           73.127            0.000        0.000        0.000        4562466                     3934118                     
GPU 0           284.549           0.395        0.044        0.192        12458923                    71261477                    
GPU 1           294.841           0.440        0.045        0.189        10949264                    73445499                    
GPU 2           277.589           0.445        0.044        0.193        13557539                    74309152                    
GPU 3           262.222           0.441        0.040        0.187        9666249                     70635840                    
GPU 4           71.439            0.000        0.000        0.000        4549357                     3893235                     
GPU 5           73.511            0.000        0.000        0.000        1889489                     1515184                     
GPU 6           73.426            0.000        0.000        0.000        2167631                     3902778                     
GPU 7           73.043            0.000        0.000        0.000        1965242                     1589125                     
#Entity         POWER             SMACT        TENSO        DRAMA        PCITX                       PCIRX                       
ID               W                                                                                                               
GPU 0           335.379           0.393        0.042        0.184        9820603                     69475267                    
GPU 1           290.501           0.440        0.041        0.192        12837254                    70474203                    
GPU 2           272.818           0.435        0.041        0.184        9884262                     71186603                    
GPU 3           319.307           0.439        0.081        0.186        13816966                    74405985                    
GPU 4           71.262            0.000        0.000        0.000        751187                      518406                      
GPU 5           73.402            0.000        0.000        0.000        2320414                     1921626                     
GPU 6           73.426            0.000        0.000        0.000        4537431                     856268                      
GPU 7           72.697            0.000        0.000        0.000        2253045                     1872035                     
GPU 0           357.420           0.426        0.081        0.164        12666895                    69738669                    
GPU 1           381.149           0.459        0.086        0.175        11940489                    64618320                    
GPU 2           362.708           0.519        0.127        0.189        13199150                    70622713                    
GPU 3           339.239           0.455        0.125        0.172        12038672                    71509600                    
GPU 4           71.397            0.000        0.000        0.000        5053655                     4376340                     
GPU 5           73.518            0.000        0.000        0.000        4545256                     3890249                     
GPU 6           73.388            0.000        0.000        0.000        1143303                     3269918                     
GPU 7           73.008            0.000        0.000        0.000        4478643                     3839810                     
GPU 0           247.756           0.471        0.140        0.124        9063077                     63932087                    
GPU 1           256.780           0.481        0.122        0.160        9135577                     68475028                    
GPU 2           242.334           0.378        0.086        0.145        8171062                     58115913                    
GPU 3           232.096           0.485        0.037        0.161        9233303                     65158750                    
GPU 4           71.633            0.000        0.000        0.000        2118560                     1720266                     
GPU 5           73.374            0.000        0.000        0.000        1825762                     1467667                     
GPU 6           73.554            0.000        0.000        0.000        2505579                     2064312                     
GPU 7           73.286            0.000        0.000        0.000        1788871                     1439482                     
GPU 0           247.756           0.336        0.038        0.124        11850074                    66014060                    
GPU 1           286.631           0.380        0.038        0.131        12332276                    68475028                    
GPU 2           258.814           0.383        0.037        0.157        13142778                    70662824                    
GPU 3           258.347           0.383        0.043        0.126        12388064                    68529749                    
GPU 4           71.539            0.000        0.000        0.000        2896885                     2455343                     
GPU 5           73.646            0.000        0.000        0.000        2315206                     1915888                     
GPU 6           73.447            0.000        0.000        0.000        2320116                     1935963                     
GPU 7           73.286            0.000        0.000        0.000        2249122                     1869203                     
GPU 0           289.981           0.379        0.045        0.182        11618752                    70428424                    
GPU 1           295.901           0.422        0.044        0.173        12072450                    70872359                    
GPU 2           275.770           0.427        0.044        0.175        12206735                    73259361                    
GPU 3           268.518           0.415        0.038        0.164        9459428                     70694395                    
GPU 4           71.425            0.000        0.000        0.000        3823816                     3217322                     
GPU 5           73.298            0.000        0.000        0.000        4377188                     3724252                     
GPU 6           73.489            0.000        0.000        0.000        4170002                     3537977                     
GPU 7           73.153            0.000        0.000        0.000        4347148                     3711453                     
GPU 0           289.981           0.396        0.045        0.194        11618752                    68923532                    
GPU 1           295.901           0.422        0.041        0.196        12072450                    70872359                    
GPU 2           271.034           0.427        0.044        0.175        12206735                    71133412                    
GPU 3           268.518           0.415        0.038        0.187        13648895                    70694395                    
GPU 4           71.350            0.000        0.000        0.000        3823816                     3217322                     
GPU 5           73.226            0.000        0.000        0.000        800467                      3724252                     
GPU 6           73.333            0.000        0.000        0.000        4170002                     3537977                     
GPU 7           72.757            0.000        0.000        0.000        4347148                     1424311                     
GPU 0           290.198           0.394        0.055        0.185        12973066                    70956956                    
GPU 1           294.920           0.413        0.044        0.184        9283319                     69541561                    
GPU 2           282.163           0.447        0.056        0.182        13401068                    73676005                    
GPU 3           269.745           0.432        0.051        0.187        12553645                    70934739                    
GPU 4           71.286            0.000        0.000        0.000        4696212                     4060512                     
GPU 5           73.324            0.000        0.000        0.000        4999984                     4309563                     
GPU 6           73.322            0.000        0.000        0.000        4253632                     3658792                     
GPU 7           72.851            0.000        0.000        0.000        2270583                     1895297                     
GPU 0           264.824           0.364        0.042        0.169        8915665                     69404040                    
GPU 1           272.914           0.391        0.052        0.168        13198318                    74365080                    
GPU 2           256.628           0.426        0.039        0.164        9445926                     71728721                    
GPU 3           249.402           0.421        0.035        0.166        9483155                     75139957                    
GPU 4           71.305            0.000        0.000        0.000        1840476                     1472156                     
GPU 5           73.384            0.000        0.000        0.000        2412581                     1970778                     
GPU 6           73.460            0.000        0.000        0.000        2310466                     1903717                     
GPU 7           72.934            0.000        0.000        0.000        4480328                     3838334                     
GPU 0           264.824           0.345        0.040        0.157        12180499                    72983650                    
GPU 1           309.042           0.418        0.037        0.162        11809439                    74365080                    
GPU 2           255.192           0.450        0.039        0.187        12419990                    75973664                    
GPU 3           249.402           0.428        0.036        0.159        13214398                    72512693                    
GPU 4           71.338            0.000        0.000        0.000        1840476                     2792634                     
GPU 5           73.390            0.000        0.000        0.000        1743490                     1417011                     
GPU 6           73.393            0.000        0.000        0.000        2314111                     1903717                     
GPU 7           72.933            0.000        0.000        0.000        271092                      91952                       
GPU 0           278.002           0.410        0.049        0.188        9588564                     70144774                    
GPU 1           284.508           0.402        0.036        0.182        9719740                     70779230                    
GPU 2           264.634           0.447        0.043        0.183        9875925                     71884515                    
GPU 3           260.372           0.467        0.049        0.199        12643034                    73788109                    
GPU 4           71.344            0.000        0.000        0.000        1600552                     1301824                     
GPU 5           73.326            0.000        0.000        0.000        4559998                     3908345                     
GPU 6           73.566            0.000        0.000        0.000        4524032                     3884180                     
GPU 7           72.851            0.000        0.000        0.000        5047091                     4368168                     
GPU 0           274.967           0.360        0.041        0.166        12957262                    74612345                    
GPU 1           276.112           0.407        0.040        0.166        13234375                    75998470                    
GPU 2           259.225           0.442        0.041        0.174        13779786                    78330216                    
GPU 3           256.035           0.414        0.039        0.164        12994102                    75555405                    
GPU 4           71.452            0.000        0.000        0.000        4588343                     3936909                     
GPU 5           73.394            0.000        0.000        0.000        266306                      70030                       
GPU 6           73.412            0.000        0.000        0.000        1505986                     1199023                     
GPU 7           72.811            0.000        0.000        0.000        2021298                     1636308                     
GPU 0           274.967           0.360        0.042        0.166        12605931                    74612345                    
GPU 1           290.864           0.426        0.040        0.166        9952464                     75998470                    
GPU 2           259.225           0.461        0.041        0.196        13272103                    78330216                    
GPU 3           256.035           0.411        0.037        0.164        12994102                    76848875                    
GPU 4           71.452            0.000        0.000        0.000        4588343                     2296973                     
GPU 5           73.394            0.000        0.000        0.000        5129734                     1909358                     
GPU 6           73.374            0.000        0.000        0.000        3548636                     1199023                     
GPU 7           72.811            0.000        0.000        0.000        2396817                     1998512                     
