#Entity         POWER             SMACT        TENSO        DRAMA        PCITX                       PCIRX                       
ID               W                                                                                                               
GPU 0           104.352           0.011        0.001        0.006        29659953                    335804007                   
GPU 1           105.582           0.002        0.000        0.001        4797513                     31356897                    
GPU 2           105.495           0.004        0.000        0.002        6988666                     57766641                    
GPU 3           103.702           0.003        0.000        0.001        31162107                    41301286                    
GPU 4           103.139           0.005        0.000        0.002        13776491                    136284885                   
GPU 5           108.578           0.003        0.000        0.002        6139524                     48225270                    
GPU 6           108.476           0.000        0.000        0.000        2375110                     1895323                     
GPU 7           108.652           0.005        0.000        0.003        75549712                    80431029                    
GPU 0           104.352           0.011        0.000        0.006        3837869                     335804007                   
GPU 1           105.389           0.000        0.000        0.001        3829242                     31356897                    
GPU 2           105.495           0.000        0.000        0.000        3645753                     57766641                    
GPU 3           103.591           0.000        0.000        0.001        31162107                    3119220                     
GPU 4           103.139           0.005        0.000        0.000        3511709                     2901806                     
GPU 5           108.578           0.003        0.000        0.002        6139524                     3147040                     
GPU 6           108.476           0.000        0.000        0.000        3792174                     3145381                     
GPU 7           108.652           0.000        0.000        0.003        3737647                     80431029                    
GPU 0           104.122           0.000        0.000        0.000        463347                      241632                      
GPU 1           105.371           0.000        0.000        0.000        462828                      246352                      
GPU 2           105.121           0.000        0.000        0.000        262658                      72216                       
GPU 3           103.366           0.000        0.000        0.000        490613                      275707                      
GPU 4           102.903           0.000        0.000        0.000        465437                      242153                      
GPU 5           108.245           0.000        0.000        0.000        460204                      239012                      
GPU 6           108.070           0.000        0.000        0.000        463861                      243723                      
GPU 7           108.230           0.000        0.000        0.000        456026                      241117                      
GPU 0           104.122           0.000        0.000        0.000        463347                      241632                      
GPU 1           105.371           0.000        0.000        0.000        5037780                     246352                      
GPU 2           105.121           0.000        0.000        0.000        262658                      72216                       
GPU 3           103.366           0.000        0.000        0.000        490613                      3188124                     
GPU 4           102.903           0.000        0.000        0.000        465437                      242153                      
GPU 5           108.245           0.000        0.000        0.000        460204                      239012                      
GPU 6           108.070           0.000        0.000        0.000        463861                      243723                      
GPU 7           108.230           0.000        0.000        0.000        456026                      241117                      
GPU 0           103.965           0.000        0.000        0.000        7240034                     4902623                     
GPU 1           105.081           0.000        0.000        0.000        7108940                     4185921                     
GPU 2           105.047           0.000        0.000        0.000        7078072                     4484563                     
GPU 3           103.238           0.000        0.000        0.000        3867331                     6289235                     
GPU 4           102.736           0.000        0.000        0.000        4557575                     6891750                     
GPU 5           107.117           0.000        0.000        0.000        4612495                     5912443                     
GPU 6           107.930           0.000        0.000        0.000        6866990                     3720987                     
GPU 7           108.200           0.000        0.000        0.000        7422362                     3821794                     
GPU 0           103.865           0.000        0.000        0.000        6766334                     6055596                     
GPU 1           104.931           0.000        0.000        0.000        7343289                     5945430                     
GPU 2           104.704           0.000        0.000        0.000        6560692                     5926182                     
GPU 3           103.081           0.000        0.000        0.000        7550751                     5072493                     
GPU 4           102.586           0.000        0.000        0.000        5050809                     4233939                     
GPU 5           106.981           0.000        0.000        0.000        7045137                     4835507                     
GPU 6           107.669           0.000        0.000        0.000        5638738                     4742467                     
GPU 7           107.867           0.000        0.000        0.000        5062708                     6235012                     
GPU 0           103.548           0.000        0.000        0.000        3901134                     3224476                     
GPU 1           104.873           0.000        0.000        0.000        4310469                     3534752                     
GPU 2           104.611           0.000        0.000        0.000        3821561                     3156417                     
GPU 3           102.795           0.000        0.000        0.000        7557379                     6296166                     
GPU 4           102.446           0.000        0.000        0.000        5640534                     4690400                     
GPU 5           106.585           0.000        0.000        0.000        4849584                     4014244                     
GPU 6           107.466           0.000        0.000        0.000        3824398                     3165598                     
GPU 7           107.611           0.000        0.000        0.000        4488880                     3698975                     
GPU 0           103.369           0.000        0.000        0.000        500562                      280943                      
GPU 1           104.783           0.000        0.000        0.000        4071426                     3384294                     
GPU 2           104.316           0.000        0.000        0.000        501085                      285660                      
GPU 3           102.802           0.000        0.000        0.000        3842552                     3173735                     
GPU 4           102.228           0.000        0.000        0.000        489554                      272032                      
GPU 5           106.458           0.000        0.000        0.000        1611300                     1234421                     
GPU 6           107.156           0.000        0.000        0.000        4413897                     3653897                     
GPU 7           107.676           0.000        0.000        0.000        2333108                     1846219                     
GPU 0           103.365           0.000        0.000        0.000        4120991                     3415464                     
GPU 1           104.689           0.000        0.000        0.000        3255014                     2641314                     
GPU 2           104.210           0.000        0.000        0.000        4337880                     3568425                     
GPU 3           102.591           0.000        0.000        0.000        465969                      252116                      
GPU 4           102.180           0.000        0.000        0.000        4173697                     3447244                     
GPU 5           106.387           0.000        0.000        0.000        4146621                     3424854                     
GPU 6           107.116           0.000        0.000        0.000        1723490                     1316085                     
GPU 7           107.479           0.000        0.000        0.000        3800174                     3133440                     
GPU 0           103.332           0.000        0.000        0.000        4115631                     3316000                     
GPU 1           104.516           0.000        0.000        0.000        598196                      5610409                     
GPU 2           104.137           0.000        0.000        0.000        5482495                     4495366                     
GPU 3           102.673           0.000        0.000        0.000        5475981                     3538047                     
GPU 4           102.087           0.000        0.000        0.000        3595276                     2956170                     
GPU 5           106.157           0.000        0.000        0.000        3529285                     2898556                     
GPU 6           107.044           0.000        0.000        0.000        2650728                     2149934                     
GPU 7           107.270           0.000        0.000        0.000        961707                      678698                      
GPU 0           103.148           0.000        0.000        0.000        4933501                     4031199                     
GPU 1           104.519           0.000        0.000        0.000        512103                      300342                      
GPU 2           104.046           0.000        0.000        0.000        546253                      333692                      
GPU 3           102.372           0.000        0.000        0.000        514722                      299817                      
GPU 4           102.028           0.000        0.000        0.000        2584532                     2092889                     
GPU 5           106.001           0.000        0.000        0.000        3176394                     2601131                     
GPU 6           106.962           0.000        0.000        0.000        6278691                     5297216                     
GPU 7           107.175           0.000        0.000        0.000        6924050                     5868043                     
GPU 0           103.059           0.000        0.000        0.000        3245784                     2644761                     
GPU 1           104.394           0.000        0.000        0.000        4046992                     3358254                     
GPU 2           104.053           0.000        0.000        0.000        3827861                     3158523                     
GPU 3           102.363           0.000        0.000        0.000        4001805                     3325141                     
GPU 4           101.997           0.000        0.000        0.000        4131880                     3380772                     
GPU 5           105.957           0.000        0.000        0.000        2387500                     1870689                     
GPU 6           106.895           0.000        0.000        0.000        2136914                     1704499                     
GPU 7           107.190           0.000        0.000        0.000        205376                      17154                       
GPU 0           102.777           0.000        0.000        0.000        574611                      2865577                     
GPU 1           104.382           0.000        0.000        0.000        4046992                     2121091                     
GPU 2           103.758           0.000        0.000        0.000        467023                      251595                      
GPU 3           102.263           0.000        0.000        0.000        2408111                     3325141                     
GPU 4           101.915           0.000        0.000        0.000        868334                      583985                      
GPU 5           105.832           0.000        0.000        0.000        2387500                     1693028                     
GPU 6           106.604           0.000        0.000        0.000        3973066                     880961                      
GPU 7           107.093           0.000        0.000        0.000        4876240                     17154                       
GPU 0           102.013           0.000        0.000        0.000        503182                      283564                      
GPU 1           104.220           0.000        0.000        0.000        507375                      290902                      
GPU 2           103.686           0.000        0.000        0.000        4044793                     3364982                     
GPU 3           102.243           0.000        0.000        0.000        1015130                     734227                      
GPU 4           101.763           0.000        0.000        0.000        4720608                     3891799                     
GPU 5           105.693           0.000        0.000        0.000        4092628                     3341509                     
GPU 6           106.562           0.000        0.000        0.000        3462282                     2826899                     
GPU 7           107.052           0.000        0.000        0.000        2504597                     1240170                     
GPU 0           142.009           0.083        0.000        0.039        216952617                   2785643615                  
GPU 1           148.816           0.100        0.006        0.047        83051021                    1066188592                  
GPU 2           141.039           0.009        0.001        0.004        21139112                    403616528                   
GPU 3           133.349           0.071        0.004        0.033        700352531                   1552800250                  
GPU 4           136.251           0.009        0.001        0.004        44335673                    745266212                   
GPU 5           150.481           0.009        0.001        0.004        25721396                    545399913                   
GPU 6           147.867           0.014        0.001        0.006        39014080                    755637942                   
GPU 7           140.988           0.092        0.006        0.043        1626479                     2332206984                  
#Entity         POWER             SMACT        TENSO        DRAMA        PCITX                       PCIRX                       
ID               W                                                                                                               
GPU 0           142.009           0.083        0.005        0.039        216952617                   2785643615                  
GPU 1           148.816           0.100        0.006        0.047        83051021                    1066188592                  
GPU 2           141.039           0.218        0.001        0.101        332915889                   403616528                   
GPU 3           133.349           0.071        0.015        0.033        700352531                   1552800250                  
GPU 4           136.251           0.009        0.001        0.110        44335673                    6929606943                  
GPU 5           150.481           0.009        0.001        0.004        25721396                    2772972924                  
GPU 6           147.867           0.014        0.001        0.116        39014080                    755637942                   
GPU 7           140.988           0.092        0.006        0.043        891886482                   2332206984                  
GPU 0           195.479           0.252        0.015        0.117        498699624                   6009651397                  
GPU 1           212.605           0.250        0.015        0.114        177987888                   3804181811                  
GPU 2           203.564           0.254        0.015        0.118        380687710                   4183791949                  
GPU 3           188.016           0.253        0.015        0.117        2041412935                  4051083793                  
GPU 4           198.147           0.240        0.014        0.114        529249649                   6413529435                  
GPU 5           211.695           0.253        0.015        0.117        337978384                   4223120346                  
GPU 6           211.136           0.251        0.015        0.114        306453733                   3936443207                  
GPU 7           196.068           0.253        0.015        0.116        2093683744                  4620071299                  
GPU 0           199.355           0.245        0.015        0.114        479052616                   5826081653                  
GPU 1           212.877           0.243        0.015        0.113        304661027                   4414053614                  
GPU 2           201.618           0.246        0.015        0.115        313712405                   4769810155                  
GPU 3           186.506           0.245        0.015        0.114        2111193427                  4045778086                  
GPU 4           197.951           0.245        0.015        0.116        405842668                   4871896981                  
GPU 5           210.562           0.247        0.015        0.115        349520609                   4299632001                  
GPU 6           211.120           0.246        0.015        0.116        315899611                   4540882281                  
GPU 7           196.321           0.246        0.015        0.115        2074172326                  3732286979                  
GPU 0           194.229           0.241        0.015        0.113        468294909                   5661918601                  
GPU 1           212.786           0.253        0.015        0.118        354134840                   4429991780                  
GPU 2           201.199           0.242        0.015        0.113        323917088                   3912799611                  
GPU 3           186.220           0.253        0.015        0.117        2063197086                  4324703917                  
GPU 4           195.697           0.251        0.015        0.111        407560285                   4855510597                  
GPU 5           210.870           0.243        0.015        0.114        335579033                   4094571255                  
GPU 6           210.859           0.251        0.015        0.111        368064935                   3788008632                  
GPU 7           196.256           0.243        0.015        0.114        2041891812                  3779058954                  
GPU 0           210.629           0.251        0.015        0.117        490303596                   5934612829                  
GPU 1           214.685           0.239        0.014        0.111        352743557                   4263179350                  
GPU 2           202.546           0.252        0.015        0.117        377497580                   4704151174                  
GPU 3           201.936           0.239        0.034        0.111        2052288437                  3870488996                  
GPU 4           197.533           0.252        0.015        0.116        400268414                   4795403750                  
GPU 5           213.132           0.253        0.015        0.118        353530412                   4375886307                  
GPU 6           213.343           0.238        0.015        0.117        310568729                   3986139853                  
GPU 7           196.858           0.252        0.015        0.117        2119046161                  5023357253                  
GPU 0           210.629           0.278        0.041        0.116        864261238                   5775372995                  
GPU 1           227.250           0.273        0.036        0.115        340619084                   4263179350                  
GPU 2           218.728           0.278        0.015        0.117        332868779                   4269070205                  
GPU 3           201.936           0.272        0.016        0.115        2130316637                  4328071678                  
GPU 4           211.009           0.270        0.035        0.114        400268414                   4654620534                  
GPU 5           224.676           0.272        0.036        0.116        328070758                   4101540128                  
GPU 6           228.021           0.252        0.015        0.116        326718237                   3986139853                  
GPU 7           212.058           0.272        0.036        0.115        2200274759                  4989023633                  
GPU 0           225.282           0.246        0.015        0.114        491184609                   5906484297                  
GPU 1           208.810           0.245        0.014        0.113        346505903                   3243168700                  
GPU 2           202.703           0.250        0.015        0.117        368730619                   4560111833                  
GPU 3           214.480           0.247        0.038        0.114        2064437643                  4218196083                  
GPU 4           195.821           0.247        0.014        0.114        408711388                   4866301041                  
GPU 5           206.174           0.247        0.014        0.115        353309281                   4358876961                  
GPU 6           209.260           0.272        0.036        0.114        300953733                   4128252694                  
GPU 7           194.245           0.246        0.014        0.114        2119751896                  4851018912                  
GPU 0           201.390           0.277        0.056        0.110        2719092153                  6379172405                  
GPU 1           214.056           0.280        0.064        0.108        249935128                   4465806496                  
GPU 2           233.244           0.280        0.056        0.112        275764079                   3546653295                  
GPU 3           191.056           0.264        0.030        0.108        3051158839                  4851030567                  
GPU 4           226.678           0.277        0.050        0.113        2290915004                  5554261749                  
GPU 5           241.983           0.273        0.045        0.113        284189536                   3541310567                  
GPU 6           230.999           0.247        0.044        0.114        291036153                   3657905173                  
GPU 7           225.366           0.272        0.045        0.113        3304559150                  5867688740                  
GPU 0           208.668           0.252        0.016        0.117        483147293                   5769223066                  
GPU 1           224.907           0.250        0.015        0.115        362725099                   5410434506                  
GPU 2           204.650           0.252        0.015        0.117        362363388                   4457214691                  
GPU 3           197.190           0.258        0.028        0.115        2691644289                  5129022110                  
GPU 4           199.715           0.252        0.016        0.117        413203122                   4921036611                  
GPU 5           213.340           0.260        0.025        0.116        385621069                   5424366835                  
GPU 6           220.634           0.271        0.029        0.115        387092036                   5673714533                  
GPU 7           196.545           0.261        0.029        0.115        2146633769                  6310707496                  
GPU 0           199.054           0.258        0.027        0.115        643403796                   6128615952                  
GPU 1           215.529           0.260        0.029        0.115        376065462                   2526440525                  
GPU 2           212.980           0.259        0.025        0.116        287103179                   3951132239                  
GPU 3           190.862           0.251        0.015        0.114        2069303478                  2736771964                  
GPU 4           203.970           0.258        0.026        0.115        622117984                   6023240162                  
GPU 5           219.339           0.253        0.020        0.115        271717378                   3481246605                  
GPU 6           216.735           0.260        0.015        0.117        224784804                   2555904025                  
GPU 7           205.136           0.250        0.015        0.116        1945594782                  2227703408                  
GPU 0           199.054           0.249        0.027        0.116        643403796                   4180525164                  
GPU 1           215.529           0.260        0.015        0.116        376065462                   2526440525                  
GPU 2           204.202           0.259        0.025        0.116        287103179                   2351185744                  
GPU 3           190.862           0.251        0.015        0.117        1984216056                  2736771964                  
GPU 4           195.870           0.249        0.014        0.115        622117984                   6023240162                  
GPU 5           210.779           0.249        0.018        0.113        231262192                   3481246605                  
GPU 6           216.549           0.251        0.032        0.117        224784804                   2555904025                  
GPU 7           196.941           0.250        0.029        0.115        1945594782                  2323024115                  
GPU 0           209.889           0.265        0.033        0.113        362991049                   4006806742                  
GPU 1           213.172           0.250        0.029        0.114        220660100                   2311780961                  
GPU 2           215.675           0.251        0.015        0.117        208468651                   2031962733                  
GPU 3           203.039           0.249        0.029        0.114        2019470976                  2497395585                  
GPU 4           210.290           0.268        0.035        0.114        399219588                   4600545668                  
GPU 5           224.626           0.272        0.032        0.118        230496503                   2676369960                  
GPU 6           225.300           0.265        0.014        0.114        229261190                   2329545316                  
GPU 7           209.748           0.249        0.014        0.115        1988347390                  2211129872                  
GPU 0           204.598           0.250        0.027        0.113        601363729                   4175698410                  
GPU 1           222.081           0.256        0.014        0.114        302883228                   4339758027                  
GPU 2           201.842           0.249        0.014        0.115        202878946                   2283809201                  
GPU 3           198.347           0.259        0.028        0.114        1970308012                  4315186044                  
GPU 4           196.353           0.249        0.014        0.114        385710455                   4389932446                  
GPU 5           212.974           0.255        0.015        0.119        231828497                   2613187841                  
GPU 6           212.844           0.250        0.014        0.115        221328461                   2537179352                  
GPU 7           203.848           0.257        0.027        0.113        2012000076                  4392293555                  
GPU 0           204.598           0.256        0.027        0.113        601363729                   5678561901                  
GPU 1           222.081           0.256        0.027        0.113        345362974                   4339758027                  
GPU 2           207.987           0.249        0.014        0.115        202878946                   4171522570                  
GPU 3           198.347           0.259        0.028        0.115        2016498298                  4189127487                  
GPU 4           203.541           0.256        0.029        0.114        385710455                   4389932446                  
GPU 5           220.702           0.258        0.031        0.113        417520493                   2613187841                  
GPU 6           220.347           0.250        0.027        0.115        221328461                   2537179352                  
GPU 7           203.848           0.257        0.014        0.114        2012000076                  4873980850                  
#Entity         POWER             SMACT        TENSO        DRAMA        PCITX                       PCIRX                       
ID               W                                                                                                               
GPU 0           198.292           0.246        0.060        0.115        3084769974                  5598876854                  
GPU 1           249.457           0.273        0.014        0.114        231816556                   4310304852                  
GPU 2           202.502           0.283        0.014        0.111        219137774                   4573011097                  
GPU 3           188.866           0.243        0.014        0.112        2061347414                  4238861158                  
GPU 4           198.513           0.248        0.015        0.111        512209202                   6914661861                  
GPU 5           209.874           0.248        0.014        0.115        353696465                   4365703834                  
GPU 6           212.377           0.255        0.014        0.114        350034387                   5838324741                  
GPU 7           196.198           0.246        0.014        0.113        2126226079                  4837084768                  
GPU 0           201.908           0.255        0.016        0.119        358129466                   4075545386                  
GPU 1           216.549           0.265        0.029        0.117        195140870                   2174908414                  
GPU 2           206.489           0.255        0.016        0.119        228672573                   2597035827                  
GPU 3           191.059           0.286        0.053        0.116        3612930930                  4029005276                  
GPU 4           201.254           0.255        0.060        0.118        541804488                   6506635358                  
GPU 5           216.056           0.285        0.061        0.112        216559589                   2650960553                  
GPU 6           248.237           0.281        0.053        0.114        192634727                   2295095572                  
GPU 7           200.517           0.281        0.053        0.114        3676063317                  4587096876                  
GPU 0           198.841           0.255        0.016        0.119        375841768                   4075545386                  
GPU 1           214.270           0.245        0.029        0.117        233660701                   3039143036                  
GPU 2           206.489           0.244        0.015        0.113        214171982                   2597035827                  
GPU 3           189.794           0.247        0.016        0.116        3612930930                  2963298809                  
GPU 4           201.254           0.255        0.016        0.114        553690631                   6982934889                  
GPU 5           216.056           0.257        0.016        0.120        212363805                   3817485200                  
GPU 6           216.949           0.281        0.016        0.114        209406324                   4586268013                  
GPU 7           200.517           0.257        0.016        0.119        1974763431                  2953447111                  
GPU 0           200.155           0.248        0.015        0.116        345539163                   4206915792                  
GPU 1           213.541           0.246        0.014        0.113        349527510                   4343941587                  
GPU 2           201.381           0.244        0.014        0.113        184824582                   2389785089                  
GPU 3           186.868           0.246        0.014        0.114        1907922999                  2345293648                  
GPU 4           197.881           0.247        0.014        0.114        516579111                   6291207825                  
GPU 5           212.545           0.248        0.015        0.114        293343417                   4027086074                  
GPU 6           211.251           0.244        0.014        0.113        344280043                   4751296414                  
GPU 7           195.763           0.241        0.015        0.112        2206530418                  4981939501                  
GPU 0           205.866           0.248        0.022        0.114        545430323                   4904945373                  
GPU 1           217.043           0.246        0.020        0.111        337432515                   4210536634                  
GPU 2           208.929           0.249        0.022        0.114        349795038                   4301700783                  
GPU 3           193.804           0.248        0.021        0.112        1911136257                  2750075033                  
GPU 4           205.168           0.250        0.022        0.114        628168766                   5751401071                  
GPU 5           217.000           0.250        0.022        0.115        330037043                   4191513802                  
GPU 6           217.248           0.248        0.022        0.113        382216365                   3804123479                  
GPU 7           202.133           0.244        0.017        0.112        2039625960                  4326664527                  
GPU 0           205.866           0.248        0.015        0.114        503987215                   4904945373                  
GPU 1           212.702           0.246        0.020        0.111        354751915                   4210536634                  
GPU 2           208.929           0.246        0.022        0.114        397714592                   4301700783                  
GPU 3           193.804           0.246        0.034        0.112        1911136257                  4200543743                  
GPU 4           205.168           0.250        0.022        0.111        628168766                   5965394686                  
GPU 5           217.000           0.250        0.022        0.115        337754488                   4399657660                  
GPU 6           217.248           0.248        0.022        0.111        307679301                   3804123479                  
GPU 7           202.133           0.250        0.019        0.115        3077389205                  4151004599                  
GPU 0           202.144           0.278        0.057        0.109        2875874898                  6585950370                  
GPU 1           247.399           0.275        0.057        0.108        279322617                   3562450735                  
GPU 2           217.090           0.287        0.063        0.111        293948891                   3778271338                  
GPU 3           204.865           0.256        0.036        0.116        2961389065                  5381415062                  
GPU 4           209.259           0.273        0.039        0.116        1805646899                  6840537140                  
GPU 5           220.933           0.281        0.058        0.111        264547431                   3310938402                  
GPU 6           225.092           0.262        0.027        0.116        260141767                   4068274801                  
GPU 7           207.895           0.265        0.026        0.116        2511893782                  4834732344                  
GPU 0           207.002           0.252        0.016        0.117        513234411                   6203381213                  
GPU 1           214.284           0.250        0.015        0.115        381273527                   4814066208                  
GPU 2           207.411           0.253        0.016        0.118        408741521                   5076433872                  
GPU 3           191.903           0.271        0.016        0.117        2051269517                  4299244145                  
GPU 4           200.644           0.252        0.016        0.117        497873437                   6056623045                  
GPU 5           217.054           0.254        0.016        0.117        358471484                   4479249078                  
GPU 6           216.968           0.250        0.015        0.115        322996830                   3933793390                  
GPU 7           200.598           0.261        0.016        0.117        2047241504                  4361715715                  
GPU 0           207.002           0.252        0.014        0.117        759811324                   6203381213                  
GPU 1           224.011           0.258        0.015        0.115        408599929                   4814066208                  
GPU 2           207.411           0.260        0.016        0.116        315224483                   5076433872                  
GPU 3           191.903           0.252        0.023        0.117        2051269517                  4299244145                  
GPU 4           200.644           0.252        0.016        0.113        497873437                   6478560827                  
GPU 5           217.054           0.254        0.016        0.117        358471484                   5600297169                  
GPU 6           216.968           0.250        0.015        0.113        318712389                   3933793390                  
GPU 7           200.598           0.252        0.016        0.117        2001918522                  4361715715                  
GPU 0           214.802           0.275        0.037        0.117        747906098                   4092487935                  
GPU 1           234.383           0.277        0.037        0.117        205026065                   2374391944                  
GPU 2           219.710           0.250        0.014        0.116        207728551                   2299027125                  
GPU 3           205.801           0.275        0.037        0.116        2115851351                  2536771396                  
GPU 4           213.309           0.249        0.014        0.115        375686308                   4286436324                  
GPU 5           230.180           0.252        0.015        0.117        227988066                   2607719106                  
GPU 6           230.964           0.282        0.042        0.117        164706262                   1882356633                  
GPU 7           214.578           0.250        0.014        0.115        1953308247                  2263324134                  
GPU 0           201.552           0.251        0.015        0.116        369635793                   4159892593                  
GPU 1           218.125           0.252        0.015        0.117        227891622                   2587391739                  
GPU 2           206.092           0.275        0.035        0.118        191046557                   2158214797                  
GPU 3           191.794           0.251        0.015        0.116        1949506129                  2334068654                  
GPU 4           199.171           0.272        0.032        0.118        670811346                   4269682922                  
GPU 5           214.967           0.278        0.037        0.117        211245826                   2426722433                  
GPU 6           214.464           0.250        0.014        0.115        183460994                   2065836376                  
GPU 7           200.507           0.278        0.036        0.120        2104425261                  2525340710                  
GPU 0           218.990           0.251        0.035        0.116        369635793                   4159892593                  
GPU 1           218.125           0.252        0.015        0.117        227891622                   2393542678                  
GPU 2           206.092           0.254        0.036        0.119        214331568                   2158214797                  
GPU 3           207.117           0.251        0.032        0.116        1949506129                  2334068654                  
GPU 4           199.171           0.272        0.032        0.116        375888460                   4307035838                  
GPU 5           214.967           0.278        0.037        0.117        211245826                   2649234945                  
GPU 6           214.464           0.250        0.014        0.117        183460994                   1957334837                  
GPU 7           200.507           0.278        0.036        0.120        2144456394                  2525340710                  
GPU 0           199.919           0.251        0.015        0.117        367880191                   4181054489                  
GPU 1           215.755           0.251        0.014        0.115        223618006                   2582614704                  
GPU 2           204.615           0.252        0.015        0.119        194759262                   2336852898                  
GPU 3           191.185           0.251        0.014        0.115        1954521679                  2318501186                  
GPU 4           196.498           0.278        0.038        0.117        792417368                   4269303711                  
GPU 5           215.448           0.255        0.015        0.118        231243073                   2658291331                  
GPU 6           214.010           0.253        0.015        0.118        185661187                   2092100702                  
GPU 7           198.543           0.252        0.015        0.117        1949817482                  2278893211                  
GPU 0           216.881           0.276        0.036        0.116        789602083                   4177302494                  
GPU 1           236.193           0.279        0.038        0.117        209838704                   2386835928                  
GPU 2           224.134           0.279        0.038        0.117        207380735                   2152974514                  
GPU 3           207.545           0.277        0.038        0.115        2187583682                  2589336810                  
GPU 4           214.991           0.249        0.014        0.113        371323698                   4276935865                  
GPU 5           232.495           0.282        0.039        0.119        210408841                   2386728552                  
GPU 6           230.712           0.270        0.032        0.115        169433554                   1929893812                  
GPU 7           215.389           0.275        0.034        0.116        2153312561                  2555838337                  
#Entity         POWER             SMACT        TENSO        DRAMA        PCITX                       PCIRX                       
ID               W                                                                                                               
GPU 0           216.881           0.276        0.015        0.116        789602083                   4177302494                  
GPU 1           236.193           0.279        0.038        0.117        209838704                   2386835928                  
GPU 2           224.134           0.279        0.015        0.117        194377546                   2152974514                  
GPU 3           191.764           0.277        0.014        0.115        2187583682                  2589336810                  
GPU 4           214.991           0.249        0.014        0.116        515935036                   4291381495                  
GPU 5           232.495           0.282        0.039        0.119        210408841                   2386728552                  
GPU 6           230.712           0.270        0.032        0.114        169433554                   2069423035                  
GPU 7           215.389           0.275        0.034        0.116        1953846594                  2555838337                  
GPU 0           201.891           0.253        0.041        0.118        368228569                   4189706083                  
GPU 1           238.211           0.268        0.033        0.115        201996272                   2588288810                  
GPU 2           223.917           0.253        0.044        0.118        204929552                   2306387778                  
GPU 3           209.345           0.250        0.041        0.115        1949076363                  2323356011                  
GPU 4           216.242           0.252        0.020        0.114        1008122248                  4207338594                  
GPU 5           233.724           0.272        0.034        0.117        207131368                   2379230011                  
GPU 6           233.787           0.248        0.014        0.115        182247660                   1870212402                  
GPU 7           216.961           0.272        0.037        0.115        2322828056                  2727782086                  
GPU 0           221.074           0.278        0.015        0.116        1105651696                  4248596091                  
GPU 1           217.239           0.252        0.015        0.115        224011920                   2360190543                  
GPU 2           204.920           0.279        0.015        0.115        183545164                   2038960233                  
GPU 3           191.951           0.276        0.015        0.114        2392080646                  2771901382                  
GPU 4           198.549           0.277        0.037        0.117        375743058                   4512194329                  
GPU 5           214.373           0.254        0.015        0.117        228224515                   2617407921                  
GPU 6           218.220           0.276        0.041        0.119        165891678                   2095497226                  
GPU 7           199.182           0.252        0.015        0.116        1953762933                  2328480132                  
GPU 0           201.577           0.253        0.044        0.118        370865498                   4199244026                  
GPU 1           239.081           0.282        0.040        0.118        207947924                   2571188805                  
GPU 2           226.192           0.253        0.041        0.117        208460344                   2323635773                  
GPU 3           210.265           0.254        0.043        0.117        1949771786                  2347753324                  
GPU 4           217.445           0.251        0.015        0.115        981123265                   4301186163                  
GPU 5           233.191           0.284        0.041        0.119        212178751                   2413429792                  
GPU 6           230.564           0.256        0.015        0.120        183221913                   1908050906                  
GPU 7           217.636           0.283        0.041        0.118        2307424657                  2762036488                  
GPU 0           200.164           0.253        0.015        0.117        368991756                   4161907686                  
GPU 1           217.611           0.252        0.015        0.116        222867763                   2595302254                  
GPU 2           206.373           0.283        0.015        0.119        190496452                   2150471954                  
GPU 3           193.386           0.285        0.015        0.119        2339793557                  2746856541                  
GPU 4           199.134           0.282        0.041        0.118        376636094                   4358846374                  
GPU 5           216.325           0.254        0.015        0.117        230385603                   2649105687                  
GPU 6           215.366           0.248        0.015        0.116        180055989                   2053739256                  
GPU 7           199.813           0.254        0.015        0.118        1955690281                  2337761563                  
GPU 0           197.498           0.249        0.015        0.116        376120802                   4392026067                  
GPU 1           219.134           0.253        0.015        0.117        228013565                   4566199425                  
GPU 2           204.920           0.253        0.015        0.118        211090310                   2341125191                  
GPU 3           192.231           0.254        0.015        0.118        1951251469                  2344042571                  
GPU 4           198.787           0.253        0.015        0.116        487999870                   4298415493                  
GPU 5           216.254           0.252        0.015        0.117        267077013                   3160324327                  
GPU 6           216.208           0.249        0.015        0.116        197414062                   2294903430                  
GPU 7           198.632           0.250        0.015        0.117        2131679861                  3173370938                  
GPU 0           208.883           0.248        0.015        0.115        353127908                   4285182796                  
GPU 1           217.150           0.245        0.015        0.113        366928313                   4468513528                  
GPU 2           203.813           0.248        0.014        0.115        324954602                   4029680077                  
GPU 3           191.610           0.247        0.015        0.115        2098383207                  2817124134                  
GPU 4           197.885           0.248        0.015        0.114        527161250                   5826251727                  
GPU 5           216.119           0.253        0.015        0.117        366359370                   4449312218                  
GPU 6           214.118           0.271        0.015        0.115        320585764                   4002102044                  
GPU 7           213.966           0.250        0.015        0.115        2090051955                  4574788566                  
GPU 0           205.402           0.268        0.033        0.114        635839732                   4156420945                  
GPU 1           231.779           0.263        0.027        0.115        354518454                   4747326730                  
GPU 2           219.463           0.271        0.035        0.116        352045863                   4807216034                  
GPU 3           207.313           0.268        0.031        0.116        2133936974                  4031422791                  
GPU 4           212.783           0.249        0.015        0.114        875581317                   6326496375                  
GPU 5           230.420           0.267        0.029        0.116        355492451                   4403401274                  
GPU 6           231.564           0.250        0.034        0.115        301041712                   3792802643                  
GPU 7           198.304           0.268        0.030        0.117        2181405140                  4659071824                  
GPU 0           199.381           0.246        0.014        0.113        339531767                   4140693558                  
GPU 1           215.828           0.257        0.024        0.114        379180357                   4196375798                  
GPU 2           202.113           0.246        0.014        0.114        376870575                   4463102887                  
GPU 3           190.306           0.246        0.014        0.113        2040769845                  3996016736                  
GPU 4           197.372           0.273        0.037        0.115        544669402                   6354289770                  
GPU 5           213.343           0.248        0.014        0.114        383976830                   4748139946                  
GPU 6           214.923           0.262        0.017        0.116        323719763                   4040228208                  
GPU 7           208.352           0.247        0.014        0.114        2083525397                  4454327167                  
GPU 0           210.890           0.262        0.032        0.127        605361153                   4206275653                  
GPU 1           227.837           0.249        0.021        0.111        338816245                   4453365159                  
GPU 2           216.016           0.264        0.034        0.113        346519227                   4751260696                  
GPU 3           202.210           0.264        0.034        0.112        2054096231                  3771913469                  
GPU 4           209.844           0.246        0.014        0.113        794565116                   6637946020                  
GPU 5           226.429           0.264        0.032        0.113        352110860                   4359762157                  
GPU 6           228.219           0.249        0.030        0.114        281467391                   3512720868                  
GPU 7           201.872           0.266        0.034        0.114        2105375292                  4395237584                  
GPU 0           198.796           0.248        0.015        0.113        570075412                   6912006624                  
GPU 1           214.277           0.246        0.028        0.113        354061559                   4347752032                  
GPU 2           202.965           0.247        0.014        0.114        384925588                   4396675710                  
GPU 3           188.220           0.244        0.014        0.112        2016488316                  3726018501                  
GPU 4           197.161           0.263        0.034        0.112        536454676                   6483524701                  
GPU 5           211.934           0.246        0.014        0.113        368383711                   4536129331                  
GPU 6           213.405           0.247        0.015        0.116        181359133                   2054130999                  
GPU 7           196.956           0.249        0.015        0.116        2089924570                  4531974264                  
GPU 0           219.168           0.250        0.039        0.115        1129492105                  6406147566                  
GPU 1           236.643           0.274        0.041        0.115        322405810                   4059507795                  
GPU 2           221.661           0.275        0.041        0.116        332966969                   4265772503                  
GPU 3           209.375           0.270        0.040        0.112        2007542604                  3920057060                  
GPU 4           215.079           0.244        0.014        0.114        1179184690                  6179606182                  
GPU 5           231.720           0.279        0.044        0.116        319597171                   3925955619                  
GPU 6           233.450           0.274        0.014        0.114        181339681                   2042293207                  
GPU 7           217.546           0.281        0.047        0.114        2551596595                  4852851100                  
GPU 0           198.693           0.243        0.016        0.113        573822921                   6117646140                  
GPU 1           217.673           0.248        0.014        0.114        379766588                   4710278761                  
GPU 2           200.135           0.249        0.014        0.114        384834540                   4804207791                  
GPU 3           191.933           0.249        0.015        0.106        1980512004                  3551839112                  
GPU 4           194.617           0.249        0.015        0.114        523301568                   6268128743                  
GPU 5           212.206           0.238        0.015        0.116        367754004                   4489154443                  
GPU 6           210.702           0.248        0.041        0.115        155746526                   1785723001                  
GPU 7           197.944           0.249        0.015        0.115        2093191553                  4600449654                  
GPU 0           203.527           0.244        0.017        0.115        531624527                   6373947730                  
GPU 1           213.658           0.237        0.016        0.111        316250422                   3941546470                  
GPU 2           207.163           0.241        0.016        0.113        345259623                   4319529511                  
GPU 3           193.069           0.229        0.014        0.116        2024955935                  3283327709                  
GPU 4           201.886           0.241        0.016        0.112        531377812                   6388898810                  
GPU 5           216.981           0.254        0.015        0.111        318907512                   3934053190                  
GPU 6           219.047           0.242        0.014        0.114        282737647                   3489396290                  
GPU 7           200.181           0.237        0.016        0.111        2042163235                  4246310969                  
#Entity         POWER             SMACT        TENSO        DRAMA        PCITX                       PCIRX                       
ID               W                                                                                                               
GPU 0           210.472           0.262        0.031        0.118        709089633                   6030019680                  
GPU 1           223.482           0.251        0.017        0.117        338287663                   4174970607                  
GPU 2           215.272           0.262        0.031        0.117        344114249                   4341978795                  
GPU 3           200.311           0.251        0.017        0.115        2042685178                  4119322441                  
GPU 4           208.284           0.263        0.031        0.117        768918819                   6787950078                  
GPU 5           223.023           0.259        0.028        0.115        334124609                   3857088667                  
GPU 6           226.175           0.250        0.017        0.117        291029639                   3565281618                  
GPU 7           209.224           0.253        0.026        0.116        2069926577                  4107475095                  
GPU 0           199.126           0.247        0.014        0.115        457049101                   5476598432                  
GPU 1           219.774           0.255        0.027        0.113        356509096                   4113374943                  
GPU 2           201.563           0.246        0.014        0.114        370721023                   4600439286                  
GPU 3           189.628           0.260        0.032        0.115        2096676399                  4554584609                  
GPU 4           197.105           0.248        0.015        0.115        485070210                   5861519414                  
GPU 5           211.602           0.245        0.014        0.112        387950413                   4117923479                  
GPU 6           212.742           0.259        0.029        0.115        370648614                   4518660266                  
GPU 7           197.697           0.257        0.014        0.115        2041668408                  3710662781                  
GPU 0           220.444           0.274        0.038        0.116        1018954433                  5710072253                  
GPU 1           215.583           0.246        0.014        0.113        350293370                   4433214536                  
GPU 2           224.072           0.267        0.032        0.116        336098071                   4201783497                  
GPU 3           209.465           0.247        0.032        0.115        2331387180                  4651865294                  
GPU 4           218.261           0.268        0.032        0.116        891496235                   5919371256                  
GPU 5           231.942           0.275        0.038        0.117        362016860                   4679420398                  
GPU 6           235.136           0.246        0.014        0.114        379561852                   4617072645                  
GPU 7           217.804           0.248        0.040        0.118        2023946959                  4160981349                  
GPU 0           203.611           0.251        0.015        0.118        4179311859                  5758358423                  
GPU 1           233.221           0.230        0.040        0.116        227892671                   4413424672                  
GPU 2           207.995           0.259        0.016        0.120        355843378                   4407227419                  
GPU 3           193.011           0.250        0.015        0.117        2078145925                  4596041339                  
GPU 4           200.335           0.253        0.016        0.119        469842630                   5656856867                  
GPU 5           216.835           0.254        0.015        0.119        418990548                   5166260551                  
GPU 6           219.134           0.279        0.040        0.119        223815122                   4503689982                  
GPU 7           199.952           0.251        0.016        0.119        2377440307                  3881777363                  
GPU 0           245.228           0.257        0.071        0.094        7486211550                  6098626258                  
GPU 1           315.169           0.339        0.038        0.097        58038248                    2842651997                  
GPU 2           253.190           0.358        0.081        0.090        116310723                   1633413614                  
GPU 3           237.885           0.271        0.099        0.085        6026274266                  6097918437                  
GPU 4           246.251           0.267        0.098        0.085        6036304095                  6187600972                  
GPU 5           266.093           0.269        0.097        0.088        65163090                    875638794                   
GPU 6           269.585           0.251        0.055        0.100        14397969                    2844071472                  
GPU 7           244.281           0.274        0.105        0.085        1996491324                  5974169505                  
GPU 0           300.409           0.354        0.141        0.102        7490195203                  6906425569                  
GPU 1           333.945           0.362        0.132        0.104        6706498                     973979156                   
GPU 2           306.601           0.372        0.143        0.104        4069288                     19651456                    
GPU 3           285.865           0.352        0.141        0.102        7575598825                  7001627127                  
GPU 4           296.089           0.354        0.142        0.103        7560154586                  7014953539                  
GPU 5           315.546           0.355        0.142        0.105        4534685                     22297109                    
GPU 6           313.836           0.342        0.136        0.102        5654807                     148608243                   
GPU 7           299.966           0.356        0.144        0.102        6455602634                  6952031290                  
GPU 0           312.295           0.364        0.154        0.103        7303792469                  6968533372                  
GPU 1           349.663           0.382        0.150        0.106        4240787                     23593279                    
GPU 2           316.584           0.393        0.157        0.106        7221846                     22969979                    
GPU 3           303.230           0.371        0.157        0.104        7424433483                  6865389034                  
GPU 4           313.498           0.375        0.160        0.104        7427846429                  6870454681                  
GPU 5           339.814           0.379        0.162        0.106        7382456                     22264759                    
GPU 6           334.181           0.369        0.154        0.106        6139954                     23115156                    
GPU 7           315.073           0.378        0.162        0.106        7531040608                  6910167125                  
GPU 0           288.790           0.384        0.169        0.107        1976301797                  6793973280                  
GPU 1           276.528           0.354        0.131        0.114        127546942                   1401185694                  
GPU 2           292.989           0.296        0.173        0.109        4582562                     22992475                    
GPU 3           278.772           0.365        0.144        0.109        6019924661                  6134430777                  
GPU 4           293.588           0.400        0.178        0.110        7049525379                  6787148673                  
GPU 5           311.494           0.373        0.150        0.112        88596851                    978890436                   
GPU 6           310.860           0.391        0.172        0.108        220044651                   22907961                    
GPU 7           286.403           0.369        0.146        0.111        5961863329                  6101849736                  
GPU 0           206.713           0.292        0.067        0.115        388585571                   5105043747                  
GPU 1           221.608           0.245        0.024        0.111        287809353                   3249970119                  
GPU 2           212.801           0.251        0.068        0.117        250567584                   2795454043                  
GPU 3           197.401           0.246        0.024        0.111        1866921382                  3341121276                  
GPU 4           207.054           0.250        0.025        0.114        414486148                   4411465952                  
GPU 5           223.620           0.255        0.026        0.117        339296195                   3835480579                  
GPU 6           222.652           0.323        0.096        0.117        336117665                   2459757549                  
GPU 7           206.408           0.251        0.025        0.115        1842291865                  3473816284                  
GPU 0           207.597           0.249        0.025        0.114        390639984                   4352679088                  
GPU 1           220.810           0.244        0.024        0.111        290010815                   3232942939                  
GPU 2           213.174           0.253        0.025        0.116        290262598                   3248982732                  
GPU 3           198.369           0.247        0.025        0.112        1868212280                  3359451465                  
GPU 4           208.354           0.250        0.025        0.114        393131190                   4410336571                  
GPU 5           226.397           0.258        0.027        0.120        344190783                   3869236397                  
GPU 6           221.772           0.249        0.025        0.114        341575127                   3817427076                  
GPU 7           207.691           0.253        0.026        0.117        1843824235                  3510108691                  
GPU 0           206.613           0.247        0.025        0.114        389084615                   4408440447                  
GPU 1           221.099           0.244        0.024        0.110        292448257                   3275236079                  
GPU 2           214.228           0.254        0.026        0.118        292711118                   3308652454                  
GPU 3           197.284           0.246        0.024        0.111        1868814414                  3401690765                  
GPU 4           208.630           0.252        0.026        0.115        392162538                   4476200527                  
GPU 5           223.644           0.254        0.026        0.117        341055912                   3858304199                  
GPU 6           221.902           0.250        0.025        0.115        338999435                   3832378222                  
GPU 7           205.522           0.251        0.025        0.115        1838121337                  3466807685                  
GPU 0           207.731           0.249        0.025        0.115        388550840                   4350277629                  
GPU 1           219.808           0.242        0.024        0.109        293883416                   3320122270                  
GPU 2           214.729           0.202        0.026        0.118        299565623                   3347007853                  
GPU 3           197.316           0.247        0.024        0.111        1866343595                  3343055066                  
GPU 4           208.738           0.251        0.025        0.115        400190063                   3376825685                  
GPU 5           222.964           0.255        0.026        0.117        339260269                   3834327396                  
GPU 6           223.390           0.251        0.026        0.115        341032163                   3830466696                  
GPU 7           206.465           0.253        0.026        0.116        1243381275                  3492948004                  
